,NumUnderscore,FakeLinkInStatusBar,PathLevel,InsecureForms,AbnormalFormAction,PctNullSelfRedirectHyperlinks,NumQueryComponents,TildeSymbol,id,FrequentDomainNameMismatch
5862,0,0,3,1,0,0.0060240964,0,0,5863,0
5632,1,0,9,0,0,0.0487804878,0,0,5633,0
6840,0,0,2,1,0,0.108974359,0,0,6841,0
6032,0,0,2,1,0,0.0,0,0,6033,0
7512,0,0,5,1,0,0.0027322404,0,0,7513,0
6211,0,0,3,1,0,0.0703363914,0,0,6212,0
5935,0,0,3,1,0,0.0,0,0,5936,0
5683,0,0,2,1,0,0.0802919708,0,0,5684,0
5836,0,0,2,1,0,0.1298701299,0,0,5837,0
7877,0,0,4,1,0,0.1447368421,0,0,7878,0
7457,1,0,1,0,0,0.0,4,0,7458,0
7244,0,0,3,0,0,0.07960199,0,0,7245,0
6220,0,0,1,1,0,0.0,0,0,6221,0
7145,0,0,4,1,0,0.0033222591,0,0,7146,0
7392,0,0,3,1,0,0.0576923077,0,0,7393,0
5868,1,0,4,0,0,0.0,0,0,5869,1
6499,0,0,6,1,0,0.0419161677,0,0,6500,0
6029,2,0,2,1,0,0.1208791209,0,0,6030,0
5642,0,0,4,1,0,0.037037037,0,0,5643,0
5655,2,0,2,1,0,0.0,7,0,5656,0
5548,0,0,3,0,0,0.0,0,0,5549,0
6345,0,0,2,1,0,0.0,11,0,6346,0
6329,0,0,2,0,0,0.0465116279,0,0,6330,0
7805,0,0,0,0,0,0.0,2,0,7806,0
5534,0,0,7,1,0,0.0053619303,0,0,5535,0
7001,0,0,1,1,0,0.0,0,0,7002,0
5968,0,0,5,0,0,0.2142857143,0,0,5969,0
5690,0,0,3,0,0,0.0,0,0,5691,0
6355,0,0,3,1,0,0.0,2,0,6356,0
7041,1,0,6,0,0,0.0052910053,0,0,7042,0
5542,0,0,5,1,0,0.0396039604,0,0,5543,0
5427,0,0,3,1,0,0.0,1,0,5428,0
7283,4,0,7,1,0,0.0,2,0,7284,0
7112,0,0,4,1,0,0.0,1,0,7113,0
7216,0,0,3,1,0,0.1142857143,0,0,7217,0
7294,0,0,4,0,0,0.0303030303,0,0,7295,0
6213,2,0,5,1,0,0.0,3,0,6214,0
5565,11,0,2,1,0,0.0,3,0,5566,1
6924,0,0,2,1,0,0.0289855072,0,0,6925,0
6144,0,0,2,0,0,0.0,1,0,6145,0
7911,0,0,2,0,0,0.1180555556,0,0,7912,0
6757,0,0,5,1,0,0.0169491525,0,0,6758,0
5628,0,0,14,0,0,0.0,0,0,5629,0
7914,0,0,2,1,0,0.0,0,0,7915,0
7371,0,0,3,1,0,0.0,0,0,7372,0
6159,0,0,4,1,0,0.0681818182,0,0,6160,0
7664,0,0,1,1,0,0.0491803279,0,0,7665,0
6501,0,0,6,0,0,0.0,1,0,6502,0
6979,0,0,1,1,1,0.015503876,0,0,6980,0
6313,0,0,2,0,0,0.0,1,0,6314,0
7098,0,0,5,1,1,0.0161290323,0,0,7099,0
7050,0,0,5,1,0,0.05,0,0,7051,0
6414,1,0,3,1,0,0.0,1,0,6415,0
5727,2,0,3,0,0,0.0,3,0,5728,0
7010,0,0,2,1,0,0.1600831601,0,0,7011,0
6796,0,0,1,1,0,0.0,0,0,6797,0
6866,0,0,5,1,0,0.0898876404,0,0,6867,0
7247,0,0,4,1,0,0.224,0,0,7248,0
5803,0,0,4,1,0,0.0625,0,0,5804,0
5762,2,0,4,1,0,0.0,1,0,5763,0
5665,3,0,2,0,0,0.0,4,0,5666,0
6713,0,0,2,1,1,0.0,0,0,6714,0
5669,0,0,3,1,0,0.0,0,0,5670,0
7928,0,0,7,0,0,0.3175965665,0,0,7929,0
7609,0,0,4,1,0,0.0654205607,0,0,7610,0
5404,1,0,0,1,0,0.0,5,0,5405,0
6141,0,0,5,1,0,0.0103092784,0,0,6142,0
5456,0,0,5,1,0,0.0,1,0,5457,0
7754,0,0,5,1,0,0.0147058824,0,0,7755,0
6412,2,0,1,1,0,0.0,0,0,6413,0
5395,0,0,2,1,0,0.0,2,0,5396,0
6850,0,0,2,1,1,0.0084745763,0,0,6851,0
7499,0,0,3,1,0,0.0,0,0,7500,1
5662,3,0,2,1,0,0.0,1,0,5663,0
7528,0,0,3,0,0,0.1188811189,0,0,7529,0
7450,0,0,4,1,0,0.0,0,0,7451,0
6236,0,0,3,1,0,0.0196078431,0,0,6237,0
5747,0,0,5,1,0,0.0161290323,0,0,5748,0
7066,0,0,4,1,0,0.0085470085,0,0,7067,0
8000,4,0,3,1,1,0.0084745763,0,0,8001,0
5640,0,0,7,1,1,0.0,0,0,5641,0
5819,0,0,4,1,0,0.0055248619,0,0,5820,0
6340,0,0,2,1,0,0.0465116279,0,0,6341,0
7799,0,0,1,0,0,0.0,4,0,7800,0
5757,0,0,2,1,0,0.0052910053,0,0,5758,0
6102,4,0,4,1,0,0.0,0,0,6103,0
6195,0,0,3,1,0,0.0,0,0,6196,0
7351,0,0,2,1,0,0.0952380952,0,0,7352,0
7897,0,0,3,1,0,0.0029325513,0,0,7898,0
7851,0,0,2,1,1,0.0,0,0,7852,0
6717,0,0,2,1,0,0.00625,0,0,6718,0
7288,2,0,4,1,0,0.0091743119,0,0,7289,0
7257,2,0,3,1,0,0.1538461538,0,0,7258,0
7834,2,0,2,1,0,0.0,7,0,7835,0
5615,0,0,3,0,0,0.0344827586,0,0,5616,0
7605,0,0,5,0,0,0.0490196078,0,0,7606,0
6087,0,0,2,1,0,0.0277777778,0,0,6088,0
5796,0,0,5,1,1,0.0454545455,0,0,5797,0
7179,1,0,6,1,0,0.0,2,0,7180,0
7312,0,0,3,1,0,0.0,0,0,7313,0
6075,0,0,5,0,0,0.0,0,0,6076,0
5539,0,0,7,1,0,0.0099667774,0,0,5540,0
7117,0,0,2,1,0,0.0054644809,0,0,7118,0
6597,2,0,4,0,0,0.0,2,0,6598,0
7480,0,0,4,0,0,0.0,3,0,7481,0
5657,2,0,2,1,0,0.0,7,0,5658,0
6434,0,0,3,1,0,0.0026109661,0,0,6435,0
6038,0,0,2,0,0,0.009375,0,0,6039,0
6570,0,0,3,0,0,0.0,2,0,6571,0
6784,0,0,6,0,0,0.0303030303,0,0,6785,0
7036,2,0,5,1,0,0.0,1,0,7037,0
5410,0,0,1,1,0,0.0175438596,0,0,5411,0
5693,0,0,4,0,0,0.2222222222,0,0,5694,0
7829,0,0,7,0,0,0.0095238095,0,0,7830,0
7183,0,0,2,1,0,0.0,1,0,7184,0
7177,0,0,4,1,0,0.0,2,0,7178,0
7019,3,0,3,0,0,0.0028571429,0,0,7020,0
6259,0,0,2,0,0,0.0405405405,0,0,6260,0
6688,0,0,5,1,0,0.0375,0,0,6689,0
7144,0,0,2,0,0,0.0149253731,0,0,7145,0
6415,0,0,4,0,0,0.0,0,0,6416,0
7359,0,0,5,1,0,0.1736334405,0,0,7360,0
5645,3,0,8,0,0,0.0,0,0,5646,0
5629,0,0,3,0,0,0.0,0,0,5630,0
5413,1,0,1,1,0,0.0,7,0,5414,0
7717,0,0,5,1,0,0.0281690141,0,0,7718,0
7577,0,0,6,0,0,0.4669421488,0,0,7578,0
7259,1,0,2,1,0,0.0,1,0,7260,0
6929,0,0,2,1,0,0.0,4,0,6930,0
5497,0,0,5,1,0,0.075862069,0,0,5498,0
7342,0,0,2,0,0,0.0,3,0,7343,0
7801,0,0,3,1,0,0.0322580645,0,0,7802,0
5588,0,0,18,0,0,0.0,0,0,5589,0
6928,0,0,3,1,0,0.0235294118,1,0,6929,0
5710,0,0,4,1,0,0.012345679,0,0,5711,0
6010,0,0,3,1,0,0.1538461538,0,0,6011,0
6962,0,0,2,1,0,0.0,1,0,6963,0
6661,0,0,2,0,0,0.0,2,0,6662,0
6563,0,0,3,1,0,0.0,5,0,6564,0
7958,0,0,2,1,0,0.0,0,0,7959,0
6705,0,0,6,0,0,0.0196078431,0,0,6706,0
6271,0,0,4,1,0,0.0607287449,0,0,6272,0
6669,3,0,4,0,0,0.0,1,0,6670,0
6562,1,0,2,1,0,0.0,1,0,6563,0
5675,0,0,2,1,0,0.0846153846,0,0,5676,0
7255,2,0,4,1,0,0.125,0,0,7256,0
7189,0,0,3,1,0,0.0293159609,0,0,7190,0
6150,0,0,5,1,0,0.0,3,0,6151,0
6138,0,0,5,1,1,0.0574712644,0,0,6139,0
6950,3,0,3,1,0,0.0754716981,0,0,6951,0
6067,5,0,5,0,0,0.0,0,0,6068,0
7405,0,0,4,0,0,0.0512820513,0,0,7406,0
7863,0,0,5,1,0,0.0277777778,0,0,7864,0
5982,0,0,4,1,0,0.0,0,0,5983,0
5807,0,0,3,1,0,0.0052083333,0,0,5808,0
6723,0,0,3,0,0,0.0363636364,0,0,6724,0
5602,0,0,12,0,0,0.0,0,0,5603,0
7837,0,0,4,1,1,0.0,2,0,7838,0
7025,0,0,5,1,0,0.0234375,0,0,7026,1
6740,0,0,5,1,0,0.0,0,0,6741,0
5759,0,0,2,0,0,0.0,2,0,5760,0
6746,0,0,5,1,0,0.0335195531,0,0,6747,0
7586,5,0,3,1,1,0.0458015267,0,0,7587,0
7375,0,0,3,1,0,0.1445783133,0,0,7376,0
7095,0,0,2,0,0,0.0,1,0,7096,0
6446,1,0,2,1,0,0.0517241379,0,0,6447,0
5773,0,0,6,1,0,0.0175438596,0,0,5774,0
5763,4,0,3,1,0,0.0634920635,0,0,5764,0
6066,0,0,2,0,0,0.0033840948,0,0,6067,0
7232,1,0,1,1,0,0.0,3,0,7233,0
5436,1,0,9,0,0,0.0294117647,0,0,5437,0
7460,0,0,5,1,0,0.0,0,0,7461,0
6786,0,0,6,1,0,0.0,0,0,6787,0
7155,0,0,6,1,0,0.06,0,0,7156,0
7710,0,0,5,0,0,0.0,0,0,7711,0
6749,0,0,3,0,0,0.0238095238,0,0,6750,0
7018,1,0,4,1,0,0.0543478261,0,0,7019,0
7077,0,0,5,1,0,0.0547945205,0,0,7078,0
7461,0,0,1,1,0,0.0,0,0,7462,0
6256,0,0,2,0,0,0.0279329609,0,0,6257,0
7453,0,0,3,1,0,0.0361445783,0,0,7454,0
5694,0,0,1,1,0,0.0,0,0,5695,0
7788,0,0,2,1,0,0.1368421053,0,0,7789,0
6875,0,0,2,1,0,0.0,0,0,6876,0
6768,3,0,4,1,0,0.0,3,0,6769,0
5478,0,0,4,0,0,0.0563380282,0,0,5479,0
6055,0,0,2,0,0,0.0,4,0,6056,0
5842,0,0,5,1,0,0.043956044,0,0,5843,0
5703,1,0,6,1,0,0.0,1,0,5704,0
5907,0,0,3,1,0,0.0,3,0,5908,0
5385,0,0,3,1,0,0.0265486726,0,0,5386,0
7998,0,0,2,0,0,0.0,0,0,7999,0
6295,0,0,4,1,0,0.0,0,0,6296,0
5519,0,0,2,1,0,0.0,0,0,5520,0
7756,0,0,5,1,0,0.0,0,0,7757,0
5564,0,0,2,0,0,0.152173913,0,0,5565,0
5336,0,0,3,0,0,0.0028089888,0,0,5337,0
6335,0,0,2,0,0,0.0769230769,0,0,6336,0
5793,0,0,5,1,0,0.0098522167,0,0,5794,0
6862,1,0,2,1,0,0.0,4,0,6863,0
5492,0,0,3,1,0,0.0198675497,0,0,5493,0
5883,0,0,6,1,0,0.0216216216,0,0,5884,0
5846,0,0,3,1,0,0.0303030303,0,0,5847,0
5561,2,0,1,1,0,0.0,4,0,5562,0
6997,0,0,3,1,0,0.0,0,0,6998,0
6589,0,0,2,1,0,0.25,3,0,6590,0
6267,0,0,2,1,0,0.0,7,0,6268,0
7100,0,0,3,1,0,0.0,4,0,7101,0
6326,0,0,2,0,0,0.119047619,0,0,6327,0
6984,7,0,2,1,1,0.0,0,0,6985,0
5495,0,0,2,1,1,0.0,0,0,5496,0
7676,0,0,3,1,0,0.0603448276,0,0,7677,0
7720,0,0,5,1,0,0.0683229814,0,0,7721,0
6952,0,0,5,1,0,0.0289256198,0,0,6953,0
5985,1,0,2,0,0,0.0,5,0,5986,0
6938,2,0,4,1,0,0.0,1,0,6939,0
5940,3,0,1,1,0,0.0,5,0,5941,0
7180,0,0,2,0,0,0.0,0,0,7181,0
6888,0,0,2,1,0,0.0,2,0,6889,0
7961,0,0,2,1,0,0.0,2,0,7962,0
6294,0,0,2,1,1,0.016,0,0,6295,0
7661,0,0,1,1,0,0.0526315789,0,0,7662,0
7568,0,0,6,1,0,0.16,0,0,7569,0
6016,3,0,2,1,1,0.0,5,0,6017,1
7132,0,0,5,0,0,0.0588235294,0,0,7133,0
6493,0,0,2,0,0,0.0481927711,0,0,6494,0
5751,0,0,6,1,0,0.0163934426,0,0,5752,0
7475,0,0,3,0,0,0.0,1,0,7476,1
7488,1,0,5,1,0,0.0833333333,0,0,7489,0
5860,1,0,3,1,1,0.0,0,0,5861,0
7862,3,0,0,1,0,0.0,3,0,7863,0
7967,0,0,0,1,0,0.0,3,0,7968,0
7138,0,0,2,0,0,0.0251572327,0,0,7139,0
7200,7,0,5,1,0,0.0106761566,0,0,7201,0
6722,0,0,2,1,0,0.0193050193,0,0,6723,0
6135,0,0,2,1,1,0.0158730159,0,0,6136,0
7847,3,0,1,1,0,0.0,4,0,7848,0
5904,0,0,1,1,0,0.0,5,0,5905,0
5596,0,0,8,0,0,0.015625,0,0,5597,0
5353,0,0,5,1,0,0.0,0,0,5354,0
6382,0,0,7,0,0,0.0517241379,0,0,6383,0
5718,0,0,6,1,0,0.0582524272,0,0,5719,0
5698,0,0,4,1,1,0.0,0,0,5699,0
6646,0,0,2,1,0,0.0,1,0,6647,0
5924,0,0,4,1,1,0.0123966942,0,0,5925,0
6193,5,0,1,1,0,0.03125,0,0,6194,0
6209,0,0,3,1,0,0.5306122449,0,0,6210,0
7704,0,0,4,0,0,0.0,0,0,7705,0
7471,0,0,2,1,0,0.0099009901,0,0,7472,0
5339,0,0,2,1,0,0.0126582278,0,0,5340,0
6457,0,0,1,1,0,0.0459770115,0,0,6458,0
7390,3,0,4,1,0,0.0666666667,0,0,7391,0
6800,0,0,3,0,0,0.0,0,0,6801,0
6323,0,0,2,0,0,0.0,2,0,6324,0
6184,0,0,6,1,0,0.0652173913,0,0,6185,0
6585,0,0,4,0,0,0.004784689,0,0,6586,0
6893,0,0,2,1,0,0.0333333333,0,0,6894,0
6859,0,0,2,1,0,0.0,1,0,6860,0
7603,3,0,1,1,0,0.0,1,0,7604,0
5433,0,0,1,0,0,0.0,4,0,5434,0
7106,0,0,3,1,0,0.0,0,0,7107,0
7313,0,0,6,0,0,0.025,0,0,7314,0
5480,0,0,2,1,0,0.0107238606,0,0,5481,0
7843,0,0,3,1,0,0.0,0,0,7844,0
7033,0,0,5,1,0,0.0281690141,0,0,7034,0
7602,1,0,3,1,0,0.0,1,0,7603,0
5812,2,0,5,1,0,0.0,3,0,5813,0
5705,0,0,1,0,0,0.0,2,0,5706,0
6021,0,0,3,1,0,0.25,0,0,6022,0
5899,0,0,2,1,1,0.0,0,0,5900,0
6357,2,0,5,0,0,0.0,6,0,6358,0
6089,0,0,1,1,0,0.0,5,0,6090,0
7889,1,0,2,1,0,0.0,2,0,7890,0
5611,0,0,8,0,0,0.0093896714,0,0,5612,0
5911,0,0,4,1,0,0.0223463687,0,0,5912,0
6807,5,0,2,0,0,0.0103092784,0,0,6808,0
6781,0,0,2,1,0,0.0555555556,0,0,6782,0
7172,0,0,3,1,0,0.0761904762,0,0,7173,0
7032,0,0,6,1,0,0.0091743119,0,0,7033,0
6456,0,0,1,1,0,0.0,4,0,6457,0
6181,1,0,4,1,0,0.0862068966,0,0,6182,0
7246,3,0,4,1,0,0.0366972477,0,0,7247,0
7751,0,0,5,1,0,0.0072992701,0,0,7752,0
7403,0,0,1,1,0,0.0,3,0,7404,0
6005,0,0,2,0,0,0.0112359551,0,0,6006,0
5733,2,0,5,0,0,0.0,0,0,5734,0
7749,0,0,4,0,0,0.0,0,0,7750,0
6280,2,0,8,1,0,0.017699115,0,0,6281,0
5952,2,0,2,1,0,0.0895522388,0,0,5953,0
6839,0,0,4,1,0,0.0,0,0,6840,0
7615,0,0,1,1,0,0.1224489796,0,0,7616,0
6231,4,0,1,1,0,0.0,1,0,6232,1
7873,0,0,2,1,0,0.0,2,0,7874,0
6182,0,0,2,1,0,0.0689655172,0,0,6183,0
7290,0,0,3,0,0,0.0769230769,0,0,7291,0
6483,4,0,4,1,0,0.0256410256,0,0,6484,0
5687,0,0,2,0,0,0.0,0,0,5688,1
7328,0,0,2,1,1,0.0,0,0,7329,0
6552,1,0,4,0,0,0.0114942529,0,0,6553,0
6490,0,0,1,1,0,0.0095238095,0,0,6491,0
5990,2,0,1,1,0,0.0,2,0,5991,0
5616,0,0,2,1,0,0.0178571429,0,0,5617,0
7192,0,0,3,0,0,0.0,0,0,7193,0
7462,1,0,1,1,0,0.0,4,0,7463,0
6082,2,0,1,0,0,0.0,0,0,6083,0
5668,0,0,5,1,0,0.0,0,0,5669,0
5719,0,0,0,1,0,0.0,0,0,5720,0
7660,1,0,1,1,0,0.3928571429,0,0,7661,0
5827,0,0,3,0,0,0.0243902439,0,0,5828,0
7932,0,0,5,1,1,0.0113636364,0,0,7933,0
7513,8,0,4,1,0,0.3036649215,0,0,7514,0
6359,0,0,2,0,0,0.0142348754,0,0,6360,0
6272,0,0,3,1,0,0.0,1,0,6273,0
7883,0,0,2,1,0,0.0247933884,0,0,7884,0
7823,0,0,6,0,0,0.0,0,0,7824,0
6131,0,0,3,0,0,0.0,0,0,6132,0
7662,0,0,3,1,0,0.0454545455,0,0,7663,0
7531,0,0,6,0,0,0.0,0,0,7532,0
5906,0,0,1,1,0,0.0,3,0,5907,0
5366,5,0,5,1,1,0.1,0,0,5367,1
6782,0,0,6,1,0,0.0454545455,0,0,6783,0
5517,0,0,1,0,0,0.0,4,0,5518,0
5989,0,0,3,1,0,0.1176470588,0,0,5990,0
7551,1,0,4,1,0,0.0106382979,0,0,7552,0
6454,0,0,1,1,0,0.0,0,0,6455,0
7706,0,0,2,1,0,0.0793650794,0,0,7707,0
6908,0,0,11,0,0,0.0363636364,0,0,6909,0
6955,4,0,3,1,0,0.0,1,0,6956,0
7339,0,0,4,1,1,0.0101010101,0,0,7340,0
7442,0,0,3,1,0,0.0,1,0,7443,0
7400,0,0,2,1,0,0.0,2,0,7401,0
7803,0,0,2,1,0,0.0206896552,0,0,7804,0
7015,0,0,4,1,0,0.0347826087,0,0,7016,0
7882,2,0,5,1,0,0.003125,0,0,7883,0
5992,0,0,7,0,0,0.0454545455,0,0,5993,0
5722,0,0,2,1,0,0.0,2,0,5723,0
6168,0,0,2,0,0,0.0,1,0,6169,0
5435,3,0,3,0,0,0.0163934426,0,0,5436,0
7305,1,0,4,0,0,0.1142857143,0,0,7306,0
6070,1,0,6,1,0,0.0130718954,0,0,6071,0
6022,2,0,1,1,0,0.0,7,0,6023,0
7272,0,0,1,1,0,0.0040322581,0,0,7273,0
5715,0,0,3,1,0,0.0050251256,0,0,5716,0
5472,0,0,2,1,0,0.0774193548,0,0,5473,0
6675,0,0,5,1,0,0.0024752475,0,0,6676,0
6951,0,0,4,1,0,0.0,1,0,6952,0
6265,0,0,2,0,0,0.0,5,0,6266,0
7916,0,0,1,0,0,0.0,1,0,7917,0
5691,0,0,2,1,0,0.0,3,0,5692,0
7473,1,0,6,1,0,0.1388888889,0,0,7474,0
7891,0,0,2,1,0,0.0,4,0,7892,0
6104,8,0,0,0,0,0.0,0,0,6105,0
6349,0,0,2,1,0,0.0948275862,0,0,6350,0
5770,0,0,2,1,0,0.0,3,0,5771,0
5550,1,0,2,1,1,0.0,6,0,5551,0
7264,0,0,5,0,0,0.0,0,0,7265,0
5754,0,0,1,1,0,0.0119402985,0,0,5755,0
5577,1,0,3,1,0,0.0145985401,0,0,5578,0
5789,6,0,4,1,0,0.0086956522,0,0,5790,0
6550,0,0,4,1,0,0.0,4,0,6551,0
7935,0,0,3,1,0,0.0430107527,0,0,7936,0
7739,0,0,2,0,0,0.0,0,0,7740,0
7237,0,0,2,1,0,0.0147601476,0,0,7238,0
6186,0,0,2,1,0,0.0,1,0,6187,0
7894,0,0,3,0,0,0.0227272727,0,0,7895,0
5946,0,0,1,1,0,0.0120481928,4,0,5947,0
7053,0,0,3,1,0,0.0126582278,0,0,7054,0
5702,0,0,3,1,0,0.0447761194,0,0,5703,0
6111,0,0,6,1,1,0.0265780731,0,0,6112,0
5731,0,0,1,0,0,0.0,2,0,5732,0
6539,2,0,5,0,0,0.0,3,0,6540,0
5639,0,0,1,1,0,0.0,3,0,5640,0
5587,1,0,8,0,0,0.0,0,0,5588,0
5817,0,0,5,0,0,0.0384615385,0,0,5818,0
6496,0,0,2,1,0,0.0,1,0,6497,0
5535,0,0,4,1,0,0.0,1,0,5536,0
6277,7,0,2,1,1,0.0091743119,0,0,6278,0
7613,1,0,2,1,0,0.0,1,0,7614,0
7861,0,0,3,0,0,0.0,0,0,7862,0
6619,0,0,5,1,0,0.0,0,0,6620,0
7742,0,0,1,1,0,0.0,2,0,7743,0
7333,0,0,2,0,0,0.0315789474,0,0,7334,0
5361,2,0,4,0,0,0.0149253731,0,0,5362,0
6282,0,0,5,1,0,0.0375,0,0,6283,0
5551,0,0,4,1,0,0.0,0,0,5552,1
6765,0,0,3,1,0,0.0228310502,0,0,6766,0
6864,0,0,4,1,0,0.0526315789,0,0,6865,0
7680,0,0,2,1,0,0.1587301587,0,0,7681,0
5536,0,0,2,1,0,0.0,1,0,5537,0
5667,0,0,2,0,0,0.0,3,0,5668,0
7506,7,0,4,1,0,0.0384615385,0,0,7507,0
7592,0,0,3,0,0,0.0,2,0,7593,0
5696,0,0,5,1,0,0.0606060606,0,0,5697,0
6163,0,0,4,1,1,0.0,0,0,6164,0
6544,0,0,5,1,0,0.0405405405,0,0,6545,0
6258,2,0,1,1,0,0.0,0,0,6259,0
6809,0,0,2,1,1,0.3526011561,0,0,6810,0
7163,4,0,1,1,0,0.0136054422,3,0,7164,0
7915,0,0,1,1,0,0.0,0,0,7916,0
6185,3,0,5,1,1,0.0,0,0,6186,0
6492,2,0,3,1,0,0.0989010989,0,0,6493,0
7357,0,0,2,0,0,0.0,1,0,7358,0
5490,0,0,5,1,0,0.1219512195,0,0,5491,0
6430,0,0,5,1,0,0.0520446097,0,0,6431,0
7091,0,0,5,1,0,0.0149253731,0,0,7092,0
5723,0,0,1,1,0,0.0,1,0,5724,0
5746,0,0,3,1,0,0.0173913043,0,0,5747,0
7628,0,0,4,1,0,0.0,2,0,7629,0
7361,0,0,8,1,0,0.0865384615,0,0,7362,0
5644,0,0,2,1,0,0.0,1,0,5645,0
6538,0,0,1,1,0,0.0,2,0,6539,0
6476,0,0,1,1,1,0.0384615385,0,0,6477,0
6130,0,0,1,1,0,0.0,2,0,6131,0
7236,2,0,5,1,0,0.0,3,0,7237,0
7291,0,0,2,0,0,0.0414937759,0,0,7292,0
6395,2,0,3,1,0,0.0,4,0,6396,0
6963,0,0,5,1,0,0.0331491713,0,0,6964,0
6439,0,0,3,1,1,0.0,2,0,6440,0
6706,0,0,2,0,0,0.00625,0,0,6707,0
5880,0,0,4,1,0,0.067264574,0,0,5881,0
7591,0,0,4,1,1,0.1351351351,0,0,7592,0
7626,2,0,4,1,0,0.0,1,0,7627,0
7266,0,0,5,1,0,0.0,0,0,7267,0
7362,0,0,4,1,0,0.0152671756,0,0,7363,0
6281,0,0,3,1,0,0.0321543408,0,0,6282,0
6769,0,0,4,1,0,0.024691358,0,0,6770,0
7058,0,0,1,1,1,0.0,14,0,7059,0
7712,0,0,0,1,0,0.0,3,0,7713,0
6678,0,0,5,1,0,0.0,0,0,6679,0
7596,0,0,4,0,0,0.0465116279,0,0,7597,0
6764,0,0,2,1,0,0.0,2,0,6765,0
7780,0,0,4,1,1,0.025862069,0,0,7781,0
7166,0,0,4,1,0,0.0,0,0,7167,0
5898,3,0,2,1,0,0.0,4,0,5899,0
5798,3,0,4,1,1,0.0197628458,0,0,5799,0
6222,0,0,5,1,0,0.0161290323,0,0,6223,0
7165,1,0,6,1,0,0.0,1,0,7166,0
7696,0,0,2,0,0,0.0194805195,0,0,7697,0
7868,0,0,2,1,1,0.0148148148,0,0,7869,0
6339,0,0,3,1,1,0.0,1,0,6340,0
6508,2,0,1,1,0,0.0,4,0,6509,0
5646,0,0,4,1,0,0.0384615385,0,0,5647,0
6242,1,0,2,1,0,0.1789473684,0,0,6243,0
6199,0,0,3,0,0,0.0421052632,0,0,6200,0
7534,0,0,4,1,0,0.0207715134,0,0,7535,0
6332,0,0,2,1,0,0.057591623,0,0,6333,0
6223,0,0,5,1,0,0.0886075949,0,0,6224,0
5530,0,0,2,1,0,0.0,3,0,5531,0
5398,0,0,3,1,0,0.0,0,0,5399,0
6031,0,0,3,1,0,0.0,3,0,6032,0
6829,0,0,3,1,1,0.0,0,0,6830,0
7564,0,0,5,1,1,0.0266666667,0,0,7565,0
5853,0,0,6,1,0,0.0120967742,0,0,5854,0
7781,0,0,3,1,0,0.0133333333,0,0,7782,0
6093,1,0,1,1,0,0.0,2,0,6094,0
5451,0,0,2,1,0,0.0,0,0,5452,0
7370,0,0,4,1,0,0.0,0,0,7371,0
6481,0,0,5,1,0,0.0,2,0,6482,0
7466,1,0,4,1,0,0.0,4,0,7467,0
6993,0,0,2,0,0,0.006514658,0,0,6994,0
7599,9,0,1,1,0,0.0463576159,0,0,7600,0
7049,0,0,3,1,0,0.0,1,0,7050,0
6865,0,0,3,0,0,0.0361445783,0,0,6866,0
7324,4,0,1,1,0,0.0,9,0,7325,0
6920,1,0,2,0,0,0.0,5,0,6921,0
6676,0,0,3,1,0,0.0212765957,0,0,6677,0
7688,0,0,1,1,0,0.0,2,0,7689,0
5903,0,0,5,1,0,0.0382978723,0,0,5904,0
7860,0,0,5,0,0,0.0,0,0,7861,0
5369,0,0,4,1,0,0.0,1,0,5370,0
5814,0,0,3,0,0,0.012,0,0,5815,0
6737,0,0,2,1,0,0.0,2,0,6738,0
5637,0,0,8,0,0,0.0,0,0,5638,0
7190,0,0,3,0,0,0.1904761905,0,0,7191,0
6462,0,0,5,1,0,0.0438596491,0,0,6463,0
5986,0,0,3,1,0,0.0,0,0,5987,0
7983,3,0,1,1,0,0.0,3,0,7984,0
5820,0,0,5,1,0,0.0483870968,0,0,5821,0
5444,2,0,3,1,0,0.0,4,0,5445,0
7127,0,0,2,0,0,0.0217391304,0,0,7128,0
7636,1,0,1,0,0,0.0,6,0,7637,0
5512,0,0,8,0,0,0.0172413793,0,0,5513,0
6874,6,0,3,1,0,0.0,3,0,6875,0
6463,0,0,4,1,1,0.0,0,0,6464,0
7104,0,0,2,1,0,0.0,1,0,7105,0
5928,0,0,5,0,0,0.0,0,0,5929,0
6680,0,0,5,1,0,0.0120481928,0,0,6681,0
6965,0,0,5,0,0,0.0,1,0,6966,0
7176,0,0,7,1,0,0.0042016807,0,0,7177,0
5744,0,0,2,1,0,0.0161290323,0,0,5745,0
6792,0,0,2,1,0,0.0,4,0,6793,0
5730,0,0,3,1,0,0.0294117647,0,0,5731,1
6954,0,0,2,0,0,0.0,0,0,6955,0
6170,0,0,3,1,0,0.0,0,0,6171,0
6368,0,0,2,0,0,0.018404908,0,0,6369,0
5775,0,0,3,0,0,0.0039447732,0,0,5776,0
7240,0,0,2,1,0,0.0066225166,0,0,7241,0
6745,0,0,3,0,0,0.0359281437,0,0,6746,0
7695,2,0,2,1,0,0.0,2,0,7696,0
6568,0,0,4,1,0,0.0458015267,0,0,6569,0
6559,1,0,2,1,0,0.0,1,0,6560,0
5788,0,0,2,1,0,0.0638297872,0,0,5789,0
6576,0,0,2,1,1,0.0243902439,1,0,6577,0
6071,0,0,3,0,0,0.0,2,0,6072,0
6386,0,0,3,1,0,0.0673076923,0,0,6387,0
7771,0,0,2,1,1,0.0102564103,0,0,7772,0
6379,0,0,5,1,0,0.0,0,0,6380,0
5418,0,0,2,1,0,0.0285714286,0,0,5419,0
6427,1,0,0,1,1,0.0,3,0,6428,0
5504,1,0,2,0,0,0.0,7,0,5505,0
7980,0,0,2,1,0,0.0,0,0,7981,0
7336,0,0,6,1,0,0.0,0,0,7337,0
6536,0,0,3,1,1,0.036809816,0,0,6537,0
5575,0,0,2,1,0,0.0,0,0,5576,0
6348,0,0,5,1,0,0.0,1,0,6349,0
7505,0,0,2,1,0,0.0,2,0,7506,0
7146,0,0,2,1,0,0.0894308943,0,0,7147,0
7797,0,0,3,0,0,0.0,1,0,7798,0
6064,0,0,2,0,0,0.0,5,0,6065,0
6636,2,0,5,0,0,0.0090909091,0,1,6637,0
5556,0,0,4,0,0,0.0098039216,0,0,5557,0
6042,0,0,2,0,0,0.0,3,0,6043,0
7293,2,0,5,0,0,0.0,1,0,7294,0
5500,1,0,5,1,1,0.0,5,0,5501,0
7418,0,0,2,1,0,0.0,0,0,7419,0
5496,5,0,6,1,0,0.0,0,0,5497,0
5648,7,0,4,1,0,0.0,1,0,5649,0
7522,0,0,2,1,1,0.0060606061,0,0,7523,0
7393,0,0,5,1,0,0.0396825397,0,0,7394,0
7606,1,0,1,1,0,0.05,0,0,7607,0
7686,0,0,4,1,0,0.1335877863,0,0,7687,0
7315,0,0,5,1,0,0.0144927536,0,0,7316,0
5874,0,0,3,0,0,0.0,3,0,5875,0
6751,0,0,3,1,0,0.012345679,0,0,6752,0
7663,1,0,1,1,0,0.0,4,0,7664,0
7562,0,1,3,1,0,0.0,1,0,7563,0
6870,0,0,2,1,0,0.0,1,0,6871,0
6080,0,0,2,1,0,0.01179941,0,0,6081,0
7836,0,0,3,1,0,0.025974026,0,0,7837,0
6334,0,0,4,1,0,0.0,0,0,6335,0
7252,2,0,5,1,0,0.0,3,0,7253,0
6978,0,0,1,1,0,0.0,1,0,6979,0
7526,0,0,6,0,0,0.0,0,0,7527,0
7325,0,0,3,1,1,0.0,1,0,7326,0
7448,1,0,3,1,0,0.0,1,0,7449,0
5371,0,0,2,0,0,0.0,5,0,5372,0
6596,0,0,7,1,0,0.0124223602,0,0,6597,0
7296,0,0,2,1,0,0.0158730159,0,0,7297,0
6634,0,0,5,1,0,0.0111111111,0,0,6635,0
6157,1,0,4,1,0,0.0192307692,0,0,6158,0
6048,0,0,1,1,0,0.0,3,0,6049,0
5713,0,0,2,0,0,0.0,3,0,5714,0
7923,0,0,4,1,0,0.0,0,0,7924,0
7360,6,0,1,1,0,0.0,4,0,7361,0
7622,0,0,4,0,0,0.0,0,1,7623,0
7752,0,0,7,1,0,0.0068027211,0,0,7753,0
5631,1,0,5,0,0,0.0054347826,0,0,5632,0
5825,0,0,4,0,0,0.0,0,0,5826,0
5516,1,0,1,0,0,0.0,5,0,5517,0
6319,0,0,2,0,0,0.0,1,0,6320,0
6227,0,0,1,1,0,0.0,5,0,6228,0
5970,0,0,2,1,0,0.0727272727,0,0,5971,0
7656,0,0,4,1,0,0.0047619048,0,0,7657,0
5367,0,0,6,1,0,0.3958333333,0,0,5368,0
7027,0,0,3,1,0,0.0227272727,0,0,7028,0
5626,0,0,5,1,0,0.0240963855,0,0,5627,0
7157,0,0,5,1,0,0.020661157,0,0,7158,0
5431,0,0,3,1,0,0.0,0,0,5432,1
7633,0,0,6,0,0,0.0606060606,0,0,7634,0
7908,0,0,1,1,0,0.0,3,0,7909,0
7347,0,0,4,1,0,0.0588235294,0,0,7348,0
6747,0,0,3,0,0,0.0,3,0,6748,0
6791,0,0,3,1,0,0.0,1,0,6792,0
7454,0,0,5,1,0,0.0612244898,0,0,7455,0
7685,1,0,2,1,0,0.0,1,0,7686,0
7508,2,0,4,1,0,0.0021276596,0,0,7509,0
5949,1,0,2,1,0,0.0,3,0,5950,0
7310,2,0,1,0,0,0.0,1,0,7311,0
5373,0,0,5,1,0,0.03125,0,0,5374,0
6857,0,0,3,1,0,0.0588235294,0,0,6858,0
5473,0,0,3,1,0,0.0441176471,0,0,5474,0
6703,1,0,1,1,0,0.0,2,0,6704,0
7198,0,0,3,1,1,0.0,4,0,7199,0
7423,4,0,2,1,0,0.0,1,0,7424,0
5932,0,0,5,1,1,0.0510204082,0,0,5933,0
7764,1,0,6,0,0,0.0930232558,0,0,7765,0
7504,0,0,5,1,0,0.0,0,0,7505,0
6681,0,0,2,0,0,0.0,0,0,6682,0
6247,0,0,1,0,0,0.0086956522,0,0,6248,0
6417,0,0,5,1,0,0.0,0,0,6418,0
7378,0,0,4,1,0,0.0,1,0,7379,0
5417,0,0,3,1,0,0.1298701299,0,0,5418,0
6152,0,0,6,1,0,0.0,0,0,6153,0
7941,2,0,2,1,0,0.0,0,0,7942,1
6569,0,0,5,0,0,0.1836734694,0,0,6570,0
5917,0,0,3,1,0,0.0088105727,0,0,5918,0
6790,0,0,6,1,1,0.0078740157,0,0,6791,1
7585,0,0,2,1,0,0.1195652174,0,0,7586,0
5537,0,0,3,1,0,0.0056179775,0,0,5538,0
7011,0,0,3,1,0,0.0,1,0,7012,0
7881,0,0,2,1,0,0.0,1,0,7882,0
7350,0,0,5,1,0,0.0666666667,0,0,7351,0
6682,0,0,2,0,0,0.0,5,0,6683,0
6374,2,0,5,1,0,0.0,3,0,6375,0
7841,1,0,1,0,0,0.027027027,0,0,7842,0
5841,0,0,4,1,0,0.0,0,0,5842,0
7642,0,0,2,0,0,0.0113636364,0,0,7643,0
6537,0,0,4,1,0,0.0204081633,0,0,6538,0
7268,0,0,5,1,0,0.0042372881,0,0,7269,0
6752,0,0,3,1,0,0.0534591195,0,0,6753,0
6517,0,0,3,0,0,0.0,1,0,6518,0
7573,0,0,3,1,0,0.0294117647,0,0,7574,0
7658,1,0,4,1,0,0.0943396226,0,0,7659,0
6532,0,0,3,1,1,0.0235294118,0,0,6533,0
7830,0,0,3,0,0,0.0275862069,0,0,7831,0
7745,0,0,5,1,0,0.0,0,0,7746,0
7227,0,0,5,0,0,0.0625,0,0,7228,0
6519,0,0,2,1,0,0.0852713178,0,0,6520,0
6171,0,0,2,0,0,0.0,5,0,6172,0
6178,3,0,2,1,0,0.0,3,0,6179,0
7489,0,0,4,1,0,0.125,0,0,7490,0
5522,0,0,3,1,0,0.0,0,0,5523,0
6263,0,0,3,1,0,0.0,0,0,6264,0
6842,0,0,2,0,0,0.0088495575,0,0,6843,0
7212,0,0,2,1,1,0.0833333333,0,0,7213,0
6255,7,0,1,1,0,0.0,2,0,6256,0
5333,4,0,4,1,1,0.0838509317,0,0,5334,0
7981,1,0,1,1,0,0.0,2,0,7982,0
6424,0,0,2,1,0,0.0122699387,0,0,6425,0
6811,1,0,4,1,0,0.1379310345,0,0,6812,0
5469,0,0,1,0,0,0.0192307692,0,0,5470,0
7532,0,0,6,1,0,0.0,0,0,7533,0
6694,0,0,5,1,0,0.0381679389,0,0,6695,0
7899,0,0,4,1,0,0.0,0,0,7900,1
5943,0,0,3,1,0,0.0019493177,0,0,5944,0
5865,0,0,1,1,0,0.0338164251,0,0,5866,0
6425,0,0,3,1,0,0.0,0,0,6426,0
6542,10,0,3,0,0,0.0072463768,0,0,6543,0
5777,1,0,2,0,0,0.0,1,0,5778,0
6528,0,0,3,1,0,0.1111111111,0,0,6529,0
6249,0,0,5,1,1,0.1043956044,0,0,6250,0
5491,2,0,5,1,0,0.02,0,0,5492,0
6108,0,0,1,1,0,0.0,3,0,6109,0
5712,0,0,6,1,0,0.0,0,0,5713,0
7228,0,0,3,1,0,0.0,4,0,7229,0
7170,0,0,2,1,0,0.0,1,0,7171,0
7545,0,0,5,0,0,0.0245398773,0,0,7546,0
5867,0,0,4,1,0,0.0,2,0,5868,0
7363,0,0,4,1,1,0.0066666667,5,0,7364,0
6350,0,0,5,1,0,0.1111111111,0,0,6351,0
6553,0,0,5,1,0,0.0210526316,0,0,6554,0
7494,0,0,4,1,0,0.0,1,0,7495,0
7231,1,0,2,1,0,0.04,0,0,7232,0
7161,0,0,5,1,0,0.0,1,0,7162,0
5601,0,0,4,0,0,0.0,6,0,5602,0
7201,0,0,2,1,0,0.0606060606,0,0,7202,0
6918,0,0,2,0,0,0.0054347826,1,0,6919,0
7273,0,0,4,1,0,0.0,0,0,7274,1
6275,0,0,8,0,0,0.0294117647,0,0,6276,0
7204,0,0,5,0,0,0.1025641026,0,0,7205,0
6113,0,0,1,1,0,0.0,1,0,6114,0
5414,1,0,2,1,0,0.0,5,0,5415,0
6238,0,0,1,1,1,0.0,1,0,6239,0
6377,0,0,7,0,0,0.0,1,0,6378,0
6491,0,0,5,1,0,0.0496453901,0,0,6492,0
5818,0,0,6,1,0,0.0378787879,0,0,5819,0
6444,0,0,3,1,0,0.1973684211,0,0,6445,0
7327,0,0,2,1,1,0.0709592641,0,0,7328,0
6592,0,0,5,1,0,0.0396825397,0,0,6593,0
5494,1,0,3,1,0,0.064516129,0,0,5495,0
6701,0,0,1,1,0,0.0,3,0,6702,0
5805,0,0,6,0,0,0.0,0,0,5806,0
5349,0,0,3,0,0,0.0105263158,0,0,5350,0
6673,0,0,3,1,0,0.0476190476,0,0,6674,0
7159,0,0,2,0,0,0.0258064516,0,0,7160,0
5540,1,0,4,0,0,0.0,1,0,5541,0
5909,0,0,6,0,0,0.0,0,0,5910,0
6869,0,0,8,1,0,0.0090909091,0,0,6870,0
6577,0,0,4,1,0,0.0,1,0,6578,0
5578,0,0,5,0,0,0.1739130435,0,0,5579,0
7821,0,0,2,1,0,0.131147541,0,0,7822,0
7153,0,0,2,1,0,0.101010101,0,0,7154,0
6683,0,0,2,1,0,0.0846153846,0,0,6684,0
5466,6,0,0,1,1,0.0,9,0,5467,0
6754,3,0,4,1,0,0.0162162162,0,0,6755,0
6614,0,0,3,1,0,0.0,0,0,6615,0
7079,0,0,2,1,0,0.0,3,0,7080,0
5341,0,0,4,1,0,0.023255814,0,0,5342,0
7581,9,0,1,0,0,0.0,5,0,7582,0
6366,6,0,3,1,0,0.0298507463,0,0,6367,0
7081,2,0,1,0,0,0.0,3,0,7082,0
5502,0,0,2,0,0,0.025862069,0,0,5503,0
7207,0,0,5,1,0,0.0393258427,0,0,7208,0
7553,2,0,5,1,0,0.0,3,0,7554,0
7501,0,0,3,1,0,0.0352941176,0,0,7502,0
6668,0,0,2,1,0,0.0,2,0,6669,1
6072,0,0,2,1,1,0.0,2,0,6073,0
7071,0,0,4,1,0,0.04,0,0,7072,0
7810,0,0,6,1,0,0.03125,0,0,7811,0
7210,0,0,1,1,0,0.0,3,0,7211,0
5593,0,0,8,0,0,0.0,0,0,5594,0
6007,1,0,3,1,1,0.0,2,0,6008,0
6801,11,0,3,1,0,0.0,1,0,6802,0
6307,0,0,6,1,0,0.0318471338,0,0,6308,0
5598,0,0,14,0,0,0.0,0,0,5599,0
5334,0,0,9,1,0,0.0077821012,0,0,5335,0
7907,0,0,4,1,0,0.0,0,0,7908,0
5630,1,0,2,1,0,0.0,1,0,5631,0
6467,2,0,5,1,0,0.0277777778,0,0,6468,0
6097,0,0,1,0,0,0.0,3,0,6098,0
6494,0,0,5,1,0,0.125,0,0,6495,0
6716,2,0,3,1,0,0.1764705882,0,0,6717,0
7787,0,0,5,1,0,0.0153172867,0,0,7788,0
6445,0,0,3,0,0,0.0,5,0,6446,0
7067,0,0,2,0,0,0.0,2,0,7068,0
7852,0,0,5,1,0,0.0,0,0,7853,0
7574,0,0,2,1,0,0.0,1,0,7575,0
6156,0,0,2,1,0,0.0,2,0,6157,0
7124,0,0,2,1,1,0.0,0,0,7125,0
6503,2,0,2,1,0,0.0,3,0,6504,0
6509,0,0,2,1,0,0.0181818182,0,0,6510,0
6907,0,0,5,1,1,0.0,0,0,6908,0
7125,9,0,6,1,0,0.125984252,0,0,7126,0
6992,2,0,1,1,0,0.0,2,0,6993,0
6183,0,0,2,0,0,0.1578947368,0,0,6184,0
7491,0,0,3,1,0,0.0098522167,0,0,7492,0
5780,0,0,6,1,0,0.0059171598,0,0,5781,0
5618,0,0,1,1,0,0.0,0,0,5619,1
7459,0,0,2,1,0,0.0,1,0,7460,0
6330,1,0,2,0,0,0.0333333333,0,0,6331,0
6438,0,0,3,1,1,0.0,1,0,6439,0
7913,0,0,2,1,0,0.0,2,0,7914,1
6098,0,0,2,0,0,0.1181818182,0,0,6099,0
6650,0,0,4,1,0,0.0188679245,0,0,6651,1
6250,0,0,2,1,0,0.0,2,0,6251,0
7271,0,0,3,0,0,0.025,0,0,7272,0
6687,0,0,3,0,0,0.0119047619,0,0,6688,0
7496,0,0,4,1,0,0.0,4,0,7497,0
5677,0,0,4,1,0,0.0,0,0,5678,0
5821,0,0,2,1,0,0.0381679389,0,0,5822,0
7536,0,0,5,1,0,0.0,0,0,7537,0
6226,0,0,6,1,0,0.0119760479,0,0,6227,0
7540,0,0,2,1,0,0.0,1,0,7541,0
6201,0,0,2,1,1,0.0571428571,0,0,6202,0
7507,0,0,5,1,0,0.0,0,0,7508,0
6966,0,0,5,1,0,0.0,2,0,6967,0
7404,0,0,2,1,0,0.0052356021,0,0,7405,0
5776,3,0,0,1,0,0.0,4,0,5777,0
5849,0,1,3,1,0,0.0,0,0,5850,0
5681,0,0,5,1,0,0.0242424242,0,0,5682,0
7665,0,0,5,1,0,0.0060240964,0,0,7666,0
7119,1,0,2,0,0,0.0,3,0,7120,0
7030,2,0,3,1,0,0.0,5,0,7031,0
6234,0,0,5,1,1,0.0867052023,0,0,6235,0
6153,2,0,5,1,1,0.0,1,0,6154,0
7962,0,0,5,1,0,0.0291666667,0,0,7963,0
5455,0,0,2,1,0,0.0053191489,0,0,5456,0
7062,0,0,4,0,0,0.0,0,0,7063,0
6035,0,0,4,1,0,0.0,1,0,6036,0
7384,0,0,4,1,0,0.0192307692,0,0,7385,0
6573,0,0,5,1,0,0.1052631579,0,0,6574,0
7629,0,0,2,1,0,0.0,0,0,7630,0
7616,0,0,1,1,0,0.0782608696,0,0,7617,0
5376,0,0,2,1,0,0.0,2,0,5377,0
7858,0,0,3,1,0,0.0196078431,0,0,7859,0
5871,0,0,1,1,0,0.0,2,0,5872,0
6034,0,0,3,0,0,0.0122324159,0,0,6035,0
6785,0,0,3,0,0,0.1529411765,0,0,6786,0
6008,0,0,3,1,1,0.0,0,0,6009,1
6343,0,0,4,0,0,0.0,0,0,6344,0
6315,0,0,3,1,0,0.0517241379,0,0,6316,0
5607,1,0,2,1,0,0.0588235294,0,0,5608,0
7215,0,0,2,1,0,0.0,1,0,7216,0
7920,0,0,2,1,0,0.0357142857,0,0,7921,0
7570,0,0,4,1,0,0.0,0,0,7571,1
6002,0,0,3,1,0,0.0864197531,0,0,6003,0
7220,2,0,1,1,0,0.0,2,0,7221,0
6798,0,0,3,1,1,0.0165441176,0,0,6799,0
5969,1,0,1,1,1,0.0,2,0,5970,0
7819,0,0,1,1,0,0.0,3,0,7820,0
5931,0,0,4,0,0,0.0947368421,0,0,5932,0
5526,0,1,1,1,1,0.0588235294,0,0,5527,0
6229,0,0,1,1,0,0.0,2,0,6230,0
6464,0,0,3,0,0,0.0,0,0,6465,0
6855,0,0,3,1,0,0.0050251256,0,0,6856,0
5660,0,0,2,0,0,0.0,2,0,5661,0
5515,0,0,3,1,0,0.0,4,1,5516,0
5856,0,0,3,0,0,0.1011235955,0,0,5857,0
5354,2,0,5,1,0,0.0,3,0,5355,0
7233,0,0,12,0,0,0.1020408163,0,0,7234,0
5972,0,0,1,0,0,0.0068965517,0,0,5973,0
5996,3,0,1,1,0,0.0,2,0,5997,0
6953,2,0,1,0,0,0.0,0,0,6954,0
5851,0,0,2,1,0,0.0051813472,0,0,5852,0
5974,0,0,3,1,1,0.0,1,0,5975,0
5584,0,0,2,1,0,0.0,2,0,5585,0
6925,0,0,3,0,0,0.0666666667,0,0,6926,0
6882,0,0,4,1,1,0.0275862069,0,0,6883,0
5995,6,0,1,1,0,0.0,4,0,5996,0
7623,0,0,2,1,0,0.0442477876,0,0,7624,0
6063,7,0,5,1,0,0.0067567568,0,0,6064,0
6276,0,0,3,1,0,0.0107526882,0,0,6277,0
6793,0,0,4,1,0,0.0487804878,0,0,6794,0
5895,1,0,5,1,0,0.0303030303,0,0,5896,0
6664,0,0,5,0,0,0.0,0,0,6665,0
7648,1,0,4,1,0,0.0179372197,0,0,7649,0
6114,0,0,1,1,1,0.0,2,0,6115,0
7396,2,0,2,1,0,0.0,7,0,7397,0
7698,0,0,6,0,0,0.0,0,0,7699,0
6988,0,0,2,0,0,0.0199004975,0,0,6989,0
7630,3,0,0,1,0,0.0,3,0,7631,0
6459,0,0,2,1,0,0.0,4,0,6460,0
5355,0,0,5,1,1,0.0,0,0,5356,0
7557,0,0,4,1,0,0.1693548387,0,0,7558,0
7151,0,0,3,1,0,0.0,0,0,7152,0
6871,0,0,1,1,0,0.0,4,0,6872,0
7571,1,0,4,1,0,0.025,0,0,7572,0
6868,0,0,3,1,0,0.0338983051,0,0,6869,0
7693,2,0,3,0,0,0.0092592593,0,0,7694,1
5902,0,0,1,1,0,0.0125,0,0,5903,0
7002,0,0,1,1,0,0.0,5,0,7003,0
5600,0,0,10,0,0,0.0,0,0,5601,0
6677,0,0,2,0,0,0.1632653061,0,0,6678,0
7949,0,0,2,1,1,0.0194805195,0,0,7950,0
7869,0,0,4,1,1,0.0185185185,0,0,7870,0
7792,0,0,3,1,0,0.0,0,0,7793,0
7156,0,0,2,1,0,0.0769230769,0,0,7157,0
6076,0,0,2,1,0,0.0185185185,0,0,6077,0
6545,0,0,3,0,0,0.0,0,0,6546,0
7550,2,0,4,1,0,0.0,1,0,7551,0
5343,0,0,3,1,1,0.0,0,0,5344,0
7234,0,0,2,1,0,0.0,0,0,7235,0
7029,0,0,2,1,0,0.037037037,0,0,7030,0
6849,0,0,3,1,0,0.0769230769,0,0,6850,0
5590,0,0,8,0,0,0.023255814,0,0,5591,0
5501,0,0,0,1,0,0.0,1,0,5502,0
7239,1,0,6,1,0,0.0625,0,0,7240,0
7439,0,0,3,1,1,0.1351351351,0,0,7440,0
7944,0,0,2,1,0,0.0775862069,0,0,7945,0
5426,0,0,7,1,1,0.0119047619,0,0,5427,0
7174,0,0,1,0,0,0.0,5,0,7175,1
6479,8,0,4,1,0,0.0,3,0,6480,0
7558,0,0,6,1,0,0.0,0,0,7559,0
7167,0,0,2,1,0,0.0,2,0,7168,0
7994,1,0,5,1,0,0.0,2,0,7995,0
7270,2,0,1,1,0,0.0,1,0,7271,0
6408,0,1,4,1,0,0.0046728972,4,0,6409,0
6049,0,0,5,0,0,0.0,0,0,6050,0
5503,2,0,1,1,0,0.0,7,0,5504,0
6381,1,0,3,1,1,0.0,4,0,6382,0
5625,0,0,3,1,0,0.0,1,0,5626,0
7956,10,0,5,0,0,0.0,0,0,7957,0
7199,2,0,1,1,0,0.0,5,0,7200,0
7936,2,0,2,1,0,0.0,4,0,7937,0
7082,0,0,3,1,0,0.2609561753,0,0,7083,0
5761,0,0,4,1,0,0.0185185185,0,0,5762,0
6046,0,0,3,1,1,0.0473083197,0,0,6047,0
6155,0,0,2,0,0,0.0276679842,0,0,6156,0
7428,2,0,1,1,0,0.0,7,0,7429,0
7140,0,0,2,1,0,0.0948275862,0,0,7141,0
6520,0,0,2,1,0,0.0,2,0,6521,0
6112,0,0,2,1,0,0.0,3,0,6113,0
6465,0,0,4,0,0,0.0,1,0,6466,0
5566,2,0,1,0,0,0.0,7,0,5567,0
5889,2,0,5,1,0,0.0,3,0,5890,0
5487,1,0,1,1,0,0.0,3,0,5488,0
5390,0,0,5,1,0,0.0132575758,0,0,5391,0
6821,0,0,2,1,0,0.0666666667,0,0,6822,0
7539,0,0,3,1,0,0.0245901639,0,0,7540,0
6254,1,0,4,1,1,0.0,1,0,6255,0
6808,0,0,3,1,0,0.0086956522,0,0,6809,0
5570,0,0,2,0,0,0.024,0,0,5571,0
6612,0,0,2,1,0,0.0584795322,0,0,6613,0
6846,0,0,2,1,0,0.0229885057,0,0,6847,0
6192,0,0,2,1,0,0.0,3,0,6193,0
6626,0,0,2,1,0,0.0,3,0,6627,0
6081,1,0,1,1,0,0.0,2,0,6082,0
5613,0,0,8,0,0,0.0,0,0,5614,0
6405,0,0,4,1,0,0.0,2,0,6406,0
7000,2,0,4,1,1,0.0044444444,0,0,7001,0
6789,0,0,4,0,0,0.0044843049,0,0,6790,0
6292,0,0,2,1,0,0.0,3,0,6293,0
6743,0,0,8,1,1,0.0039370079,0,0,6744,0
6843,1,0,4,1,0,0.0,2,0,6844,0
5743,0,0,2,1,0,0.0495495495,0,0,5744,0
5441,0,0,6,1,0,0.0676328502,0,0,5442,0
5386,0,0,3,0,0,0.0064516129,0,0,5387,0
6704,0,0,5,0,0,0.4761904762,0,0,6705,0
7530,0,0,4,1,0,0.03125,0,0,7531,1
6079,1,0,1,1,0,0.0,2,0,6080,0
7110,0,0,1,1,0,0.0683760684,0,0,7111,0
6922,0,0,1,1,1,0.0366492147,0,0,6923,0
6958,0,0,4,1,0,0.027027027,0,0,6959,0
7625,2,0,3,0,0,0.0,0,0,7626,0
7772,1,0,4,1,1,0.0,0,0,7773,0
7436,2,0,6,1,0,0.012345679,0,0,7437,0
7733,0,0,4,1,0,0.0187793427,0,0,7734,0
5839,0,0,5,1,0,0.028436019,0,0,5840,0
6212,2,0,5,1,0,0.0,3,0,6213,0
6003,0,0,2,1,0,0.0,2,0,6004,0
6190,0,0,3,1,0,0.0,2,0,6191,0
6373,1,0,1,1,0,0.0,5,0,6374,0
6947,0,0,5,1,0,0.0136986301,0,0,6948,0
6948,0,0,4,1,0,0.0816326531,0,0,6949,0
7777,0,0,4,0,0,0.0142857143,0,0,7778,0
5635,0,0,6,0,0,0.0,0,0,5636,0
6856,0,0,5,1,0,0.0102040816,0,0,6857,0
6863,0,0,3,1,0,0.0,0,0,6864,0
5802,0,0,6,1,0,0.0097087379,0,0,5803,0
5358,0,0,5,0,0,0.0227272727,0,0,5359,0
7857,0,0,2,0,0,0.0462962963,0,0,7858,0
6895,0,0,8,0,0,0.0,0,0,6896,0
5912,0,0,5,0,0,0.0,0,0,5913,0
7753,0,0,6,1,0,0.0094339623,0,0,7754,0
6584,0,0,5,1,0,0.0,0,0,6585,0
7373,0,0,2,1,0,0.0,3,0,7374,0
6689,0,0,4,1,0,0.0,0,0,6690,0
7612,2,0,5,0,0,0.0275229358,0,0,7613,0
7572,1,0,1,0,0,0.0,2,0,7573,0
7703,1,0,3,0,0,0.0,0,0,7704,0
6215,0,0,2,0,0,0.0,2,0,6216,0
5834,0,0,6,1,0,0.0606060606,0,0,5835,0
6118,0,0,1,1,0,0.0,2,0,6119,0
5484,1,0,14,0,0,0.0,0,0,5485,0
7902,0,0,2,1,0,0.0,1,0,7903,0
6714,0,0,3,0,0,0.0,0,0,6715,0
6986,0,0,1,1,0,0.0,2,0,6987,0
6061,0,0,3,1,0,0.0100334448,0,0,6062,0
7118,0,0,2,0,0,0.0,0,0,7119,0
7258,0,0,2,0,0,0.0,3,0,7259,0
5627,2,0,5,0,0,0.0,0,0,5628,0
7243,4,0,3,1,1,0.0125,0,0,7244,0
5858,0,0,2,1,0,0.0209424084,0,0,5859,0
7295,0,0,1,1,0,0.0285714286,0,0,7296,0
5428,0,0,1,0,0,0.0,4,0,5429,0
6352,0,0,2,1,0,0.0852713178,0,0,6353,0
5499,0,0,4,1,0,0.0,1,0,5500,0
6956,0,0,3,0,0,0.0,0,0,6957,0
6500,0,0,3,1,0,0.0,0,0,6501,0
5828,1,0,2,1,1,0.0531914894,0,0,5829,0
6899,1,0,1,1,0,0.0,1,0,6900,0
6172,1,0,3,1,0,0.0,0,0,6173,0
5520,0,0,0,1,0,0.0,3,0,5521,0
7063,0,0,5,1,0,0.0344827586,0,0,7064,0
6820,0,0,1,1,0,0.015037594,0,0,6821,0
7835,0,0,2,1,0,0.0,2,0,7836,0
7414,1,0,5,1,0,0.0943396226,0,0,7415,0
7730,0,0,3,1,1,0.0,0,0,7731,0
7028,0,0,4,0,0,0.0243902439,0,0,7029,0
6073,0,0,2,1,0,0.0,2,0,6074,0
6690,0,0,5,1,0,0.144,0,0,6691,0
5541,0,0,1,1,0,0.0,2,0,5542,0
5674,0,0,2,1,0,0.0,9,0,5675,0
7278,0,0,4,1,0,0.049382716,0,0,7279,0
5921,0,0,2,1,0,0.02,0,0,5922,0
7794,0,0,3,1,0,0.0441176471,0,0,7795,0
7775,0,0,2,1,0,0.0,1,0,7776,0
5514,0,0,8,0,0,0.0,0,0,5515,0
6827,0,0,5,1,0,0.025974026,0,0,6828,0
6065,0,0,0,1,0,0.0,0,0,6066,0
5438,0,0,14,0,0,0.0,0,0,5439,0
7326,0,0,2,1,0,0.0,0,0,7327,0
7410,0,0,3,1,0,0.0,0,0,7411,0
6939,0,0,4,0,0,0.0,0,0,6940,0
7815,0,0,1,1,0,0.0,0,0,7816,0
7544,0,0,3,1,0,0.0,0,0,7545,0
7054,2,0,2,1,1,0.0,1,0,7055,0
5791,0,0,5,1,0,0.0434782609,0,0,5792,0
6041,0,0,3,1,0,0.0,0,0,6042,0
5335,0,0,6,1,0,0.0,1,0,5336,0
7173,0,0,0,1,0,0.0,8,0,7174,0
7548,0,0,6,1,0,0.0055248619,0,0,7549,0
6441,0,0,3,1,1,0.0,1,0,6442,0
6833,0,0,5,1,0,0.0280373832,0,0,6834,0
7443,0,0,2,1,0,0.0,0,0,7444,0
7099,0,0,5,1,1,0.0,0,0,7100,0
5589,0,0,8,0,0,0.0,0,0,5590,0
5869,0,0,5,1,0,0.0,1,0,5870,0
5405,0,0,4,1,0,0.0091743119,0,0,5406,0
5397,2,0,1,1,0,0.0,7,0,5398,0
6145,0,0,3,1,0,0.0,0,0,6146,0
5962,0,0,9,0,0,0.0194174757,0,0,5963,0
6729,0,0,6,0,0,0.0,1,0,6730,0
5673,0,0,5,1,0,0.0,2,0,5674,0
6077,1,0,3,0,0,0.0,1,0,6078,0
5955,3,0,1,1,0,0.0,3,0,5956,0
7760,0,0,6,1,0,0.0177514793,0,0,7761,0
7386,0,0,6,1,0,0.1204819277,0,0,7387,0
7929,0,0,5,1,0,0.0333333333,0,0,7930,0
6804,0,0,2,1,0,0.0,3,0,6805,0
5684,0,0,3,0,0,0.0909090909,0,0,5685,0
5897,0,0,5,0,0,0.0,0,0,5898,0
7643,0,0,2,1,0,0.1298701299,0,0,7644,0
6129,0,0,3,0,0,0.0,0,0,6130,0
7864,0,0,3,0,0,0.0483870968,0,0,7865,0
6599,0,0,5,0,0,0.0,0,0,6600,0
7919,0,0,2,1,0,0.0274725275,0,0,7920,0
7377,0,0,3,0,0,0.0,0,0,7378,0
6608,0,0,4,1,1,0.0303030303,0,0,6609,0
7477,0,0,15,1,0,0.0,0,0,7478,0
5876,0,1,2,1,0,0.0,0,0,5877,0
7620,0,0,4,1,0,0.0089285714,0,0,7621,0
5604,0,0,2,0,0,0.1060606061,0,0,5605,0
7840,0,0,2,1,0,0.0,2,0,7841,0
7715,0,0,4,1,0,0.0198019802,0,0,7716,0
6442,0,0,3,1,1,0.0,1,0,6443,0
7722,0,0,2,1,1,0.0095238095,0,0,7723,0
6898,0,0,5,1,0,0.0263157895,0,0,6899,0
6498,0,0,3,1,0,0.3164556962,0,0,6499,0
7464,0,0,5,1,0,0.0106382979,0,0,7465,0
6409,0,0,3,1,0,0.0,0,0,6410,0
5745,1,0,3,1,1,0.1044776119,0,0,5746,0
6841,2,0,3,0,0,0.0052910053,0,0,6842,0
5753,0,0,2,1,0,0.0718954248,0,0,5754,0
7569,0,0,1,1,0,0.0393700787,0,0,7570,0
6083,0,0,2,1,0,0.0057471264,0,0,6084,0
7206,0,0,2,0,0,0.0,3,0,7207,0
7088,0,0,1,1,0,0.0072463768,0,0,7089,0
7741,4,0,4,0,0,0.0,1,0,7742,1
7379,6,0,5,1,0,0.0,3,0,7380,0
6398,0,0,5,1,0,0.0045454545,0,0,6399,0
6052,0,0,3,1,0,0.0120845921,0,0,6053,0
7152,0,0,3,1,0,0.0076923077,0,0,7153,0
6160,0,0,1,0,0,0.0,2,0,6161,0
7064,0,0,4,1,1,0.0,0,0,7065,0
6844,0,0,3,1,0,0.0,1,0,6845,0
5701,0,0,6,1,0,0.0,0,0,5702,0
7039,0,0,7,1,0,0.01,0,0,7040,0
7282,0,0,1,1,0,0.0,2,0,7283,0
6187,0,0,8,1,1,0.1153846154,0,0,6188,0
5794,0,0,2,0,0,0.005,0,0,5795,0
6762,0,0,5,1,0,0.0034965035,0,0,6763,0
7866,1,0,3,0,0,0.0,0,0,7867,0
6458,0,0,8,1,0,0.0273972603,0,0,6459,0
6219,0,0,5,1,0,0.1333333333,0,0,6220,0
7235,0,0,5,1,0,0.0769230769,0,0,7236,0
5460,0,0,2,0,0,0.0,1,0,5461,0
7997,10,0,7,1,1,0.0,1,0,7998,0
5679,0,0,1,1,0,0.0,3,0,5680,0
6088,0,0,1,0,0,0.0,5,0,6089,0
6477,0,0,2,1,0,0.022556391,0,0,6478,0
6206,0,0,5,1,0,0.015625,0,0,6207,0
6973,0,0,3,1,0,0.25,0,0,6974,0
7135,0,0,2,1,0,0.0887096774,0,0,7136,0
6887,0,0,3,1,1,0.0,0,0,6888,1
7298,0,0,2,1,0,0.0454545455,0,0,7299,0
5374,0,0,4,1,0,0.0046082949,0,0,5375,0
5689,0,0,2,0,0,0.0681818182,0,0,5690,0
7397,1,0,1,0,0,0.0,5,0,7398,0
5873,0,0,5,1,0,0.0322580645,0,0,5874,0
6594,1,0,8,1,1,0.027027027,0,0,6595,0
5654,0,0,2,0,0,0.0,2,0,5655,0
6473,0,0,3,1,0,0.0,1,0,6474,0
5740,0,0,1,0,0,0.0,2,0,5741,0
5749,1,0,2,0,0,0.0,2,0,5750,1
6078,8,0,1,1,0,0.0,0,0,6079,0
5562,0,0,4,0,0,0.0,0,0,5563,0
5714,0,0,5,1,0,0.0967741935,0,0,5715,0
5778,0,0,4,0,0,0.006097561,0,0,5779,0
6904,1,0,1,1,0,0.0588235294,0,0,6905,0
6253,3,0,2,1,0,0.0,3,0,6254,0
6304,0,0,4,1,0,0.0322580645,0,0,6305,0
7587,0,0,2,1,1,0.0,3,0,7588,0
5412,2,0,2,0,0,0.0,1,0,5413,0
6179,0,0,3,1,0,0.0,0,0,6180,0
7279,0,0,2,1,0,0.0,3,0,7280,0
7456,1,0,2,1,0,0.0,1,0,7457,0
6574,0,0,2,1,0,0.0707964602,0,0,6575,0
5533,0,0,5,0,0,0.0,0,0,5534,0
7705,3,0,3,0,0,0.0,0,0,7706,0
6449,0,0,4,1,0,0.0,0,0,6450,0
7057,0,0,2,1,0,0.2222222222,0,0,7058,0
5458,1,0,6,1,0,0.0,0,0,5459,0
7253,0,0,5,1,0,0.0,0,0,7254,0
5463,0,0,4,1,0,0.1129032258,0,0,5464,0
5695,1,0,3,1,0,0.0,0,0,5696,0
7647,11,0,4,1,0,0.0060606061,0,0,7648,0
6525,0,0,4,0,0,0.0,0,0,6526,0
7552,0,0,4,0,0,0.0096153846,0,0,7553,0
7004,0,0,3,1,0,0.109947644,0,0,7005,0
6047,0,0,2,1,0,0.0,2,0,6048,0
6369,0,0,2,0,0,0.0218978102,0,0,6370,0
7607,1,0,1,0,0,0.0,5,0,7608,0
7302,0,1,2,1,0,0.0,0,0,7303,0
6134,0,0,1,1,0,0.0,2,0,6135,0
5978,0,0,4,1,0,0.0,2,0,5979,0
7578,0,0,3,1,1,0.0166666667,0,0,7579,0
5998,0,1,4,0,0,0.0,8,0,5999,0
5804,5,0,4,1,1,0.0403225806,0,0,5805,0
6937,0,0,4,1,0,0.0189873418,0,0,6938,0
7766,1,0,1,1,0,0.0,4,0,7767,0
7872,1,0,5,0,0,0.0,2,0,7873,0
7758,0,0,5,1,0,0.0256410256,0,0,7759,0
6522,0,0,2,1,0,0.0,5,0,6523,0
7322,0,0,1,1,0,0.0,3,0,7323,0
5489,2,0,1,1,0,0.0,4,0,5490,0
5752,0,0,3,1,0,0.0224719101,0,0,5753,1
6191,2,0,5,1,0,0.0,1,0,6192,0
7444,0,0,5,1,0,0.0090909091,0,0,7445,0
7394,0,0,2,0,0,0.0,2,0,7395,0
5792,0,0,3,1,0,0.0,1,0,5793,0
6970,0,0,1,1,0,0.0,1,0,6971,0
6917,0,0,5,1,0,0.0050933786,0,0,6918,0
5652,0,0,5,1,0,0.0,0,0,5653,0
5357,4,0,1,1,0,0.0,7,0,5358,0
6299,0,0,3,1,0,0.0085959885,0,0,6300,0
6660,0,0,1,1,0,0.0,1,0,6661,0
7250,1,0,2,1,0,0.0,1,0,7251,0
6228,0,0,5,1,0,0.0086206897,0,0,6229,0
5885,0,0,3,1,0,0.0,1,0,5886,0
6527,0,0,3,1,0,0.0497237569,0,0,6528,0
7875,0,0,6,1,0,0.0135135135,0,0,7876,0
7948,0,1,1,0,0,0.0212765957,0,0,7949,0
6507,0,0,2,1,0,0.0,0,0,6508,0
5553,2,0,5,0,0,0.0,0,0,5554,0
7374,1,0,3,1,0,0.0067114094,0,0,7375,0
7769,1,0,6,0,0,0.0,0,0,7770,0
7330,0,0,2,1,0,0.0,0,0,7331,0
7778,0,0,6,1,0,0.0,0,0,7779,1
7880,0,0,3,0,0,0.0,0,0,7881,0
7133,0,0,4,0,0,0.0,0,0,7134,0
7709,3,0,2,1,0,0.0,2,0,7710,0
7195,0,0,3,1,0,0.1551724138,0,0,7196,0
7702,0,0,3,1,0,0.0243902439,0,0,7703,0
7096,0,0,4,1,1,0.0,1,0,7097,0
7727,0,0,3,1,0,0.023255814,0,0,7728,0
6148,0,0,2,0,0,0.0,4,0,6149,0
6389,0,0,3,1,0,0.0,1,0,6390,0
5545,11,0,6,1,0,0.1931818182,0,0,5546,0
6312,14,0,1,1,1,0.0,6,0,6313,0
6196,1,0,1,1,0,0.0,5,0,6197,0
6803,0,0,2,1,0,0.0,3,0,6804,0
6982,0,0,1,1,0,0.0,2,0,6983,0
7433,1,0,3,1,1,0.037037037,0,0,7434,0
5388,0,0,5,1,0,0.028436019,0,0,5389,0
7652,0,0,3,1,0,0.0697674419,0,0,7653,0
6396,0,0,2,1,0,0.0243902439,0,0,6397,0
5852,5,0,4,1,0,0.0,0,0,5853,0
7517,0,0,5,1,0,0.1171171171,0,0,7518,0
6794,0,0,2,1,0,0.0,1,0,6795,0
6416,0,0,3,1,0,0.0588235294,0,0,6417,0
5651,2,0,4,1,0,0.0,9,0,5652,0
7927,0,0,4,0,0,0.0434782609,0,0,7928,1
6423,1,0,5,1,1,0.0700389105,0,0,6424,0
7131,0,0,2,0,0,0.0171428571,0,0,7132,0
7895,0,0,1,0,0,0.0,2,0,7896,0
7854,0,0,5,1,0,0.0,0,0,7855,0
7483,1,0,10,1,0,0.0,3,0,7484,0
6670,0,0,1,1,0,0.0,3,0,6671,0
6086,0,0,2,1,0,0.0,0,0,6087,0
6291,0,0,4,1,1,0.0238095238,0,0,6292,0
5987,1,0,4,1,0,0.0405405405,0,0,5988,0
5498,0,0,1,1,0,0.0,0,0,5499,0
7086,0,0,3,1,0,0.0055865922,0,0,7087,0
6012,2,0,2,0,0,0.0,5,0,6013,0
6450,0,0,3,1,1,0.0,1,0,6451,0
7323,0,0,1,1,1,0.0052816901,0,0,7324,0
6468,1,0,4,1,0,0.0,2,0,6469,0
7989,0,0,2,1,0,0.0352941176,0,0,7990,0
7136,0,0,5,1,0,0.0,0,0,7137,0
7514,7,0,7,1,0,0.0048780488,0,0,7515,0
7713,0,0,2,1,0,0.0,1,0,7714,0
7646,0,0,3,1,0,0.0148148148,0,0,7647,0
6300,2,0,5,0,0,0.0,6,0,6301,0
6889,0,0,7,0,0,0.037037037,0,0,6890,0
6710,0,0,2,1,0,0.0,1,0,6711,0
7694,0,0,6,1,0,0.0555555556,0,0,7695,0
5863,0,0,0,1,0,0.0,4,0,5864,0
6989,0,0,1,1,0,0.0,3,0,6990,0
5801,0,0,5,1,0,0.0,0,0,5802,0
7120,0,0,5,1,0,0.0,1,0,7121,0
7879,0,0,2,1,0,0.0,2,0,7880,0
6581,2,0,5,1,0,0.0295857988,0,1,6582,0
6321,0,0,6,1,0,0.12,0,0,6322,0
5797,0,0,4,1,1,0.0034364261,0,0,5798,0
5370,0,0,7,1,0,0.0177777778,0,0,5371,0
7746,0,0,3,1,0,0.0041899441,0,0,7747,0
6165,0,0,5,0,0,0.1,0,0,6166,0
5980,2,0,1,1,0,0.0,7,0,5981,0
5508,0,0,10,0,0,0.0,0,0,5509,0
7716,0,0,6,1,0,0.0,0,0,7717,0
7455,0,0,3,1,0,0.0612244898,0,0,7456,0
6244,4,0,2,1,0,0.0,6,0,6245,0
6362,0,0,6,1,0,0.0047169811,0,0,6363,0
6642,0,0,5,1,0,0.004587156,0,0,6643,0
5636,2,0,3,1,0,0.0,4,0,5637,0
7202,6,0,4,1,0,0.0138888889,0,0,7203,0
5950,4,0,2,1,0,0.0,4,0,5951,0
5483,0,0,4,1,0,0.0133333333,0,0,5484,0
7542,2,0,5,1,1,0.0,3,0,7543,0
6174,0,0,5,1,0,0.0120481928,0,0,6175,0
6471,1,0,1,1,0,0.0,7,0,6472,1
5612,0,0,10,0,0,0.0,0,0,5613,0
7890,0,0,2,1,0,0.0,1,0,7891,0
7820,4,0,6,1,0,0.0322580645,0,0,7821,0
7338,0,0,1,1,0,0.0,3,0,7339,0
7747,2,0,5,1,0,0.0,3,0,7748,0
7307,0,0,1,1,0,0.0181818182,0,0,7308,0
6972,0,0,3,1,0,0.0,0,0,6973,0
6561,1,0,2,1,0,0.0,1,0,6562,0
6036,1,0,1,1,0,0.0434782609,0,0,6037,0
7083,0,0,1,1,0,0.0,3,0,7084,0
6431,0,0,2,1,0,0.0,4,0,6432,0
6393,0,0,2,1,0,0.0,2,0,6394,0
5717,0,0,1,1,0,0.0108695652,3,0,5718,0
7137,0,0,2,1,0,0.1134020619,0,0,7138,0
6799,0,0,2,1,0,0.0,1,0,6800,0
7718,0,0,6,0,0,0.0,0,0,7719,0
7965,3,0,2,1,0,0.0,1,0,7966,0
7759,0,0,6,1,0,0.0169491525,0,0,7760,0
6207,6,0,4,1,1,0.0454545455,0,0,6208,0
7996,0,0,5,1,1,0.025210084,0,0,7997,0
5958,1,0,1,0,0,0.0,3,0,5959,0
6040,0,0,5,1,0,0.0442477876,0,0,6041,0
7635,2,0,4,0,0,0.0,1,0,7636,0
5887,3,0,3,1,0,0.0,6,0,5888,0
7533,0,0,5,1,0,0.035971223,0,0,7534,0
6886,0,0,2,1,1,0.1195652174,0,0,6887,0
6830,0,0,2,1,0,0.05,0,0,6831,0
7839,1,0,2,1,0,0.0,2,0,7840,0
7910,0,0,1,1,0,0.0,3,0,7911,0
6289,4,0,1,1,0,0.0,5,0,6290,0
7732,0,0,3,1,1,0.0083798883,0,0,7733,0
6426,0,0,4,1,0,0.0392156863,0,0,6427,0
5664,0,0,14,0,0,0.0,0,0,5665,0
7284,5,0,5,1,1,0.0630630631,0,0,7285,0
6760,0,0,6,1,0,0.0256410256,0,0,6761,0
5879,6,0,2,0,0,0.0375,0,0,5880,0
5523,2,0,3,0,0,0.0,2,0,5524,0
6051,0,0,5,1,0,0.0,0,0,6052,0
7582,3,0,1,1,0,0.0,2,0,7583,0
5434,0,0,10,0,0,0.0344827586,0,0,5435,0
5854,4,0,1,1,0,0.0068493151,0,0,5855,0
5822,0,0,6,0,0,0.0130434783,0,0,5823,0
7492,0,0,2,1,0,0.0094339623,0,0,7493,0
6361,0,0,5,1,0,0.0086580087,0,0,6362,0
6166,0,0,5,1,0,0.0256410256,0,0,6167,0
5961,3,0,3,1,0,0.0454545455,0,0,5962,0
7538,0,0,2,1,0,0.1363636364,0,0,7539,0
5576,0,0,2,1,0,0.0625,0,0,5577,0
6189,2,0,2,0,0,0.0,1,0,6190,0
7306,0,0,4,1,1,0.0206185567,0,0,7307,0
7659,0,0,2,1,0,0.0,2,0,7660,0
6045,0,0,5,0,0,0.0,0,0,6046,0
6721,1,0,1,0,0,0.0,5,0,6722,0
6371,0,0,2,1,0,0.0791366906,0,0,6372,0
6325,0,0,6,1,0,0.0,1,0,6326,0
7017,0,0,7,0,0,0.1538461538,0,0,7018,0
6243,0,0,3,0,0,0.0,0,1,6244,0
7589,0,0,2,0,0,0.0134529148,0,0,7590,0
7770,5,0,3,1,0,0.0,1,0,7771,0
7188,0,0,5,1,0,0.012012012,0,0,7189,0
6475,5,0,2,0,0,0.0,0,0,6476,0
7566,0,0,2,1,0,0.0675675676,0,0,7567,0
6216,1,0,4,1,0,0.0,0,0,6217,0
7917,0,0,2,1,0,0.0208333333,0,0,7918,0
7402,0,0,3,1,0,0.0,6,0,7403,0
5993,1,0,5,1,0,0.0034013605,0,0,5994,0
5372,0,0,2,0,0,0.0119047619,0,0,5373,0
5942,0,0,5,0,0,0.3571428571,0,0,5943,0
7440,0,0,5,1,1,0.0007621951,0,0,7441,0
7413,0,0,3,1,1,0.049689441,0,0,7414,0
5641,0,0,3,1,1,0.0328638498,0,0,5642,0
5795,0,0,1,0,0,0.0,1,0,5796,0
7813,0,0,4,1,0,0.0,0,0,7814,0
5685,0,0,5,1,0,0.0705882353,0,0,5686,0
7037,1,0,2,1,0,0.0,3,0,7038,0
7938,0,0,2,1,0,0.0106382979,0,0,7939,1
6122,0,0,1,1,0,0.0,3,0,6123,0
6000,5,0,3,0,0,0.0,0,0,6001,0
7614,0,0,1,1,0,0.0,3,0,7615,0
5764,0,0,4,1,0,0.0396039604,0,0,5765,0
6916,2,0,4,0,0,0.0,6,0,6917,0
6551,0,0,2,1,1,0.0512820513,0,0,6552,0
5954,0,0,2,1,0,0.014084507,0,0,5955,0
6461,0,0,4,1,0,0.0148148148,0,0,6462,0
6120,0,0,1,1,0,0.0,4,0,6121,0
6832,0,0,3,1,0,0.0114942529,0,0,6833,0
6847,0,0,5,1,0,0.0,0,0,6848,0
6268,2,0,2,1,0,0.0,3,0,6269,0
7186,0,0,1,1,0,0.0,2,0,7187,1
6521,0,0,4,1,0,0.0,1,0,6522,0
5340,0,0,0,0,0,0.0,1,0,5341,0
7349,0,0,6,0,0,0.0,0,0,7350,0
6050,0,0,5,1,1,0.0142857143,0,0,6051,1
6831,0,0,6,1,0,0.0049019608,0,0,6832,0
7634,1,0,2,1,0,0.0,3,0,7635,0
7224,0,0,4,0,0,0.0,1,0,7225,0
7197,0,0,4,1,1,0.0,0,0,7198,0
5720,0,0,2,1,0,0.1145833333,0,0,5721,0
7478,0,0,2,1,0,0.0474777448,0,0,7479,0
6622,0,0,4,1,1,0.0899470899,0,0,6623,0
5686,0,0,3,1,0,0.024,0,0,5687,0
6637,0,0,5,0,0,0.0327868852,0,0,6638,0
6264,1,0,2,1,1,0.0,5,0,6265,0
6968,4,0,1,1,0,0.0,5,0,6969,0
6763,3,0,2,1,0,0.0,5,0,6764,0
7871,1,0,4,1,1,0.0,1,0,7872,0
5571,0,0,5,0,0,0.0238095238,0,0,5572,0
6628,0,0,1,1,0,0.014084507,3,0,6629,0
6658,0,0,1,1,0,0.0602409639,0,0,6659,0
6823,0,0,4,1,0,0.1125,0,0,6824,0
6288,0,0,3,1,0,0.075862069,0,0,6289,0
7524,0,0,4,1,0,0.0233918129,0,0,7525,0
5891,0,0,9,1,0,0.0414937759,0,0,5892,0
7654,0,0,3,1,0,0.0,0,0,7655,0
6403,0,0,3,1,0,0.025,0,0,6404,0
7682,0,0,4,0,0,0.0214285714,0,0,7683,0
7089,0,0,2,1,0,0.05,0,0,7090,0
5859,1,0,2,1,0,0.0,3,0,5860,0
5737,0,0,1,1,1,0.0,1,0,5738,0
7649,0,0,1,1,0,0.0,4,0,7650,0
6742,0,0,4,1,0,0.0294117647,0,0,6743,0
5892,1,0,2,1,0,0.0555555556,0,0,5893,0
7090,0,0,1,1,0,0.0,2,0,7091,0
5606,0,0,8,0,0,0.0,0,0,5607,0
7208,3,0,3,1,0,0.0,4,0,7209,0
7701,1,0,0,1,0,0.0,4,0,7702,0
6142,0,0,3,1,0,0.0256410256,0,0,6143,0
5908,0,0,2,1,0,0.0,2,0,5909,0
6443,0,0,5,0,0,0.0,0,0,6444,0
7898,0,0,2,1,0,0.0,1,0,7899,1
6513,0,0,5,1,0,0.0384615385,0,0,6514,0
6128,0,0,2,1,0,0.0,2,0,6129,0
5729,0,0,2,1,0,0.1594202899,0,0,5730,0
7352,0,0,2,1,0,0.0,0,0,7353,0
6039,0,0,5,1,0,0.014084507,0,0,6040,0
6428,0,0,8,0,0,0.0434782609,0,0,6429,0
7511,0,0,3,1,0,0.0,2,0,7512,0
6390,0,0,4,1,1,0.0441176471,0,0,6391,0
7510,4,0,1,1,1,0.0,1,0,7511,0
5810,0,0,5,1,0,0.0,0,0,5811,0
5894,3,0,3,0,0,0.0166666667,0,0,5895,0
6158,2,0,6,1,0,0.0093457944,0,0,6159,0
6347,0,0,2,1,0,0.0956521739,0,0,6348,0
6883,0,0,4,1,0,0.0,0,0,6884,0
6837,0,0,2,1,0,0.0,0,0,6838,1
7833,0,0,2,1,1,0.0062111801,0,0,7834,0
7126,0,0,2,0,0,0.0322580645,0,0,7127,0
6197,0,0,3,1,0,0.0,0,0,6198,0
6364,0,0,2,0,0,0.0396039604,0,0,6365,0
5338,3,0,4,1,1,0.0217391304,0,0,5339,0
6235,0,0,4,1,1,0.0394736842,0,0,6236,0
7671,1,0,2,1,0,0.0,2,0,7672,0
5387,0,0,4,0,0,0.0522875817,0,0,5388,0
6484,0,0,2,1,0,0.027027027,0,0,6485,0
7968,2,0,3,0,0,0.0,0,0,7969,0
5649,0,0,1,1,0,0.0,2,0,5650,0
7667,0,0,3,1,0,0.0,0,0,7668,0
7990,0,0,4,1,0,0.0,1,0,7991,0
6139,1,0,1,0,0,0.0,1,0,6140,0
6876,0,0,5,1,0,0.0545454545,0,0,6877,0
5837,0,0,5,1,0,0.1851851852,0,0,5838,0
6734,0,0,5,1,0,0.0,0,0,6735,0
7779,0,0,4,1,0,0.0218978102,0,0,7780,0
7265,0,0,3,1,0,0.0175438596,0,0,7266,0
7832,2,0,5,0,0,0.0,3,0,7833,0
7761,3,0,4,1,0,0.0,0,0,7762,0
6881,2,0,1,1,1,0.0,2,0,6882,0
7209,2,0,3,0,0,0.125,0,0,7210,0
7966,0,0,2,1,0,0.0,6,0,7967,0
7790,0,0,4,1,0,0.0169491525,0,0,7791,0
6200,4,0,3,0,0,0.0,3,0,6201,0
6356,1,0,3,0,0,0.0,2,0,6357,0
7518,0,0,3,1,0,0.0,0,0,7519,0
5735,0,0,4,1,0,0.0434782609,0,0,5736,0
5838,0,0,1,0,0,0.0,2,0,5839,0
7525,0,0,3,1,0,0.018404908,0,0,7526,0
7160,1,0,2,1,0,0.0,2,0,7161,0
7611,0,0,3,0,0,0.0,0,0,7612,0
5785,0,0,3,1,0,0.0192743764,0,0,5786,0
5967,0,0,2,1,0,0.0,0,0,5968,1
5532,0,0,2,1,0,0.0,0,0,5533,0
6941,0,0,5,0,0,0.0,0,1,6942,0
6399,0,0,2,0,0,0.0,4,0,6400,0
7003,0,0,2,1,0,0.0467836257,0,0,7004,0
6432,0,0,5,1,0,0.0040783034,0,0,6433,0
5736,2,0,3,0,0,0.0341880342,0,0,5737,0
5585,0,0,5,1,0,0.0073529412,0,0,5586,0
6418,0,0,2,1,0,0.0872483221,0,0,6419,0
7502,4,0,2,0,0,0.0,0,0,7503,0
6753,0,0,6,1,0,0.0,1,0,6754,0
7985,0,0,6,1,0,0.0,1,0,7986,0
7708,0,0,5,1,0,0.1578947368,0,0,7709,0
7828,2,0,6,0,0,0.0010405827,0,0,7829,0
7867,0,0,3,1,0,0.0489130435,0,0,7868,0
7484,1,0,1,1,0,0.0,6,0,7485,0
7731,0,0,5,1,0,0.0283018868,0,0,7732,0
6932,2,0,3,0,0,0.0263157895,0,0,6933,0
6208,0,0,1,1,0,0.0,5,0,6209,0
7555,0,0,4,1,0,0.0117647059,0,0,7556,0
5403,0,0,4,1,0,0.0,5,0,5404,0
6971,0,0,5,1,0,0.0395480226,0,0,6972,0
7809,0,0,6,1,0,0.0508474576,0,0,7810,0
6579,0,0,3,1,0,0.0,2,0,6580,0
5420,0,0,6,1,0,0.0,0,0,5421,0
6919,0,0,2,1,0,0.0,0,0,6920,0
5474,0,0,1,1,0,0.0,4,0,5475,0
5656,2,0,1,1,0,0.0,7,0,5657,0
7546,2,0,5,1,0,0.0,3,0,7547,0
5546,0,0,1,0,0,0.0,5,0,5547,0
7675,0,0,5,1,0,0.0111111111,0,0,7676,0
7419,7,0,4,1,0,0.0,0,0,7420,0
6554,0,0,2,1,0,0.1923076923,0,0,6555,0
7691,2,0,3,1,0,0.1764705882,0,0,7692,0
6085,0,0,4,1,0,0.0196078431,0,0,6086,0
6482,0,0,5,1,0,0.0975609756,0,0,6483,0
6523,0,0,2,0,0,0.1105527638,0,0,6524,0
5964,0,0,2,1,0,0.0,1,0,5965,0
7802,1,0,1,1,0,0.0,3,0,7803,0
7723,0,0,1,1,0,0.0487804878,0,0,7724,0
7583,0,0,4,1,1,0.1212121212,0,0,7584,0
7092,0,0,5,1,0,0.0082644628,0,0,7093,0
7191,2,0,5,1,0,0.0,3,0,7192,0
5580,0,0,3,0,0,0.0,0,0,5581,0
6353,0,0,4,1,0,0.0181818182,0,0,6354,0
7331,0,0,2,1,0,0.0,3,0,7332,0
7316,0,0,3,1,0,0.0909090909,0,0,7317,0
7668,6,0,3,1,0,0.0,0,0,7669,0
7963,1,0,1,0,0,0.0,4,0,7964,0
7497,0,0,5,1,0,0.05,0,0,7498,0
5994,0,0,2,1,0,0.0,0,0,5995,0
5402,2,0,3,0,0,0.0,4,0,5403,0
6695,0,0,2,1,0,0.0975609756,0,0,6696,0
5582,0,0,4,1,0,0.023890785,0,0,5583,0
6946,0,0,6,1,0,0.0,1,0,6947,0
5779,1,0,2,1,1,0.0,1,0,5780,0
5581,0,0,3,1,1,0.0,1,0,5582,0
5429,0,0,5,1,0,0.0,0,0,5430,0
6367,0,0,2,0,0,0.0380952381,0,0,6368,0
7150,0,0,3,0,0,0.0,0,0,7151,0
6311,0,0,1,0,0,0.0,0,0,6312,0
7149,0,0,2,0,0,0.0247933884,0,0,7150,0
6239,0,0,5,1,0,0.0964285714,0,0,6240,0
7009,0,0,2,1,0,0.0838709677,0,0,7010,0
7108,0,0,5,1,1,0.0072463768,0,0,7109,0
6549,0,0,4,0,0,0.0833333333,0,0,6550,0
5670,0,0,3,1,0,0.0,0,0,5671,0
6410,0,0,2,0,0,0.0,2,0,6411,0
6530,1,0,5,1,0,0.0,1,0,6531,0
7567,6,0,4,0,0,0.0,0,0,7568,0
7472,0,0,5,1,0,0.0256410256,0,0,7473,0
5432,1,0,2,0,0,0.0,0,0,5433,0
7479,0,0,4,1,1,0.0,3,0,7480,0
7281,0,0,2,0,0,0.0266666667,0,0,7282,0
6949,1,0,3,1,0,0.1142857143,0,0,6950,0
7844,7,0,3,1,0,0.0,0,0,7845,0
5475,0,0,2,0,0,0.0,2,0,5476,0
7080,0,0,2,1,0,0.0833333333,0,0,7081,0
6911,0,0,5,1,0,0.1666666667,0,0,6912,0
5692,0,0,3,0,0,0.0136054422,0,0,5693,0
6100,2,0,2,0,0,0.0,3,0,6101,0
6558,0,0,1,1,0,0.0,1,0,6559,0
7992,0,0,1,1,0,0.0,0,0,7993,0
5855,0,1,3,1,0,0.0,3,0,5856,0
7020,0,0,5,1,0,0.0614035088,0,0,7021,0
7059,0,0,1,1,0,0.0,2,0,7060,0
7806,1,0,6,0,0,0.0023474178,0,0,7807,0
5672,0,0,4,0,0,0.0,8,0,5673,0
7818,3,0,2,1,0,0.0188679245,0,0,7819,0
6686,0,0,4,0,0,0.0217391304,0,0,6687,0
7953,2,0,5,1,0,0.03125,0,0,7954,0
6878,0,0,1,1,0,0.0,3,0,6879,0
7276,0,0,1,1,0,0.0,2,0,7277,0
5568,0,0,3,0,0,0.0,0,0,5569,0
7995,0,0,5,1,0,0.0222222222,0,0,7996,0
6725,0,0,1,1,0,0.0,2,0,6726,0
7048,0,0,4,0,0,0.0714285714,0,0,7049,0
7904,0,0,3,1,0,0.004950495,0,0,7905,0
6378,1,0,3,1,0,0.1330049261,0,0,6379,0
6867,0,0,2,1,0,0.0506329114,0,0,6868,0
6733,3,0,4,1,0,0.0243902439,0,0,6734,0
6115,0,0,1,0,0,0.0,2,0,6116,0
6337,0,0,7,1,0,0.0697674419,0,0,6338,0
5633,0,0,3,1,0,0.0,2,0,5634,0
7638,0,0,2,0,0,0.0186915888,0,0,7639,0
6780,0,0,3,1,0,0.0056497175,0,0,6781,0
6057,0,0,5,0,0,0.0,0,0,6058,0
5933,2,0,4,1,0,0.0,6,0,5934,0
6103,0,0,1,0,0,0.0,1,0,6104,0
5351,0,0,4,1,0,0.0,0,0,5352,0
6279,0,0,4,1,0,0.0,0,0,6280,0
6342,0,0,2,1,0,0.0887096774,0,0,6343,0
7768,0,0,2,1,0,0.0,1,0,7769,0
7013,0,0,1,1,0,0.0,3,0,7014,0
7784,0,0,5,1,0,0.0,0,0,7785,0
7617,0,0,2,1,0,0.0,2,0,7618,0
7474,0,0,3,1,1,0.0454545455,0,0,7475,0
5929,0,0,2,0,0,0.0076923077,0,0,5930,0
7056,0,0,2,1,1,0.0,2,0,7057,0
6054,0,0,3,0,0,0.0191082803,1,0,6055,0
5384,0,0,3,1,0,0.0454545455,0,0,5385,0
6851,2,0,2,0,0,0.0,0,0,6852,0
5359,0,0,5,1,0,0.0333333333,0,0,5360,0
6546,0,0,4,1,0,0.0109289617,0,0,6547,0
7481,1,0,4,1,0,0.0,1,0,7482,0
5781,0,0,3,1,0,0.4050632911,0,0,5782,0
6810,0,0,2,1,0,0.0,3,0,6811,0
5521,1,0,5,1,0,0.0,2,0,5522,0
7697,0,1,4,1,0,0.1165048544,0,0,7698,0
7537,0,0,6,1,0,0.0,0,0,7538,0
6392,3,0,6,1,1,0.0,1,0,6393,0
5844,3,0,2,0,0,0.0,0,0,5845,0
6351,0,0,2,1,0,0.1089108911,0,0,6352,0
7078,0,0,5,1,0,0.0120481928,0,0,7079,0
6942,0,0,6,0,0,0.2,0,0,6943,0
6557,0,0,5,1,0,0.0133333333,0,0,6558,0
7885,0,0,2,1,0,0.0,3,0,7886,0
6625,0,0,1,1,0,0.0044052863,0,0,6626,0
7598,0,0,2,1,0,0.0,0,0,7599,0
5493,10,0,3,1,1,0.0,3,0,5494,0
6124,0,0,1,1,0,0.0,1,0,6125,0
7878,0,0,3,1,0,0.0,0,0,7879,0
7707,0,0,4,1,0,0.0,0,0,7708,0
6328,0,0,1,1,0,0.0,0,0,6329,0
5479,4,0,3,0,0,0.0,3,0,5480,0
6609,0,0,5,1,0,0.004587156,0,0,6610,0
6719,0,0,5,1,0,0.0,0,0,6720,0
6817,0,0,4,1,0,0.0,1,0,6818,0
6013,1,0,3,1,0,0.1351351351,0,0,6014,0
6873,6,0,4,0,0,0.0,0,0,6874,1
5643,0,0,5,0,0,0.0348837209,0,0,5644,0
6961,0,0,2,1,0,0.0009199632,0,0,6962,0
6795,0,0,1,1,0,0.0,2,0,6796,0
6273,0,0,1,1,0,0.041958042,0,0,6274,0
7101,0,0,2,1,1,0.0,0,0,7102,0
7600,5,0,3,1,0,0.0,2,0,7601,0
7411,0,0,4,1,0,0.0206185567,0,0,7412,0
5787,0,0,5,1,0,0.0273556231,0,0,5788,0
6327,0,0,2,0,0,0.0740740741,0,0,6328,0
6420,1,0,2,1,0,0.0,4,0,6421,0
5549,0,0,2,0,0,0.0,0,0,5550,1
7388,0,0,2,1,0,0.0,1,0,7389,0
5622,2,0,1,0,0,0.0,6,0,5623,0
5382,0,0,3,1,1,0.0,6,0,5383,0
6062,0,0,3,0,0,0.103030303,0,0,6063,0
7725,0,0,4,0,0,0.04,0,0,7726,0
5870,0,0,2,1,0,0.0,0,0,5871,0
5782,0,0,0,0,0,0.0810810811,0,0,5783,0
7368,2,0,5,1,0,0.0,3,0,7369,0
6624,0,0,5,0,0,0.0,0,0,6625,0
7447,1,0,2,0,0,0.0,8,0,7448,0
6761,0,0,3,0,0,0.0178571429,0,0,6762,0
7114,0,0,5,1,0,0.1153846154,0,0,7115,0
5381,12,0,7,1,0,0.0,0,0,5382,0
7221,0,0,3,1,1,0.0175438596,0,0,7222,0
7383,0,0,2,0,0,0.0236220472,0,0,7384,0
5573,0,0,6,1,0,0.0157480315,0,0,5574,0
6224,0,0,3,0,0,0.0,0,0,6225,0
5595,3,0,6,0,0,0.0,0,0,5596,0
5465,0,0,2,1,0,0.0746268657,0,0,5466,0
7597,0,0,5,1,0,0.0638297872,0,0,7598,0
5609,0,0,4,1,0,0.0,1,0,5610,0
5658,2,0,1,0,0,0.0,7,0,5659,0
6245,1,0,3,1,0,0.0,1,0,6246,0
5772,0,0,3,1,0,0.0030165913,0,0,5773,0
5406,0,0,1,0,0,0.0,6,0,5407,0
5485,0,0,5,1,0,0.0,0,0,5486,0
7812,12,0,4,1,0,0.1428571429,0,0,7813,0
6587,0,0,5,0,0,0.0101010101,0,0,6588,0
7356,0,0,3,1,0,0.015625,0,0,7357,0
5379,0,0,1,1,0,0.0,1,0,5380,0
5352,0,0,5,1,0,0.0170940171,0,0,5353,0
6505,0,0,5,0,0,0.0340909091,0,0,6506,0
5938,0,0,2,1,0,0.0,0,0,5939,0
6944,0,0,5,0,0,0.0338983051,0,0,6945,0
5481,0,0,4,1,0,0.0,4,0,5482,0
5704,0,0,11,1,0,0.0416666667,0,1,5705,0
7637,0,0,1,1,0,0.0,2,0,7638,0
7005,0,0,1,0,0,0.0,2,0,7006,0
5734,0,0,1,0,0,0.0,2,0,5735,0
7415,0,0,2,0,0,0.0,0,0,7416,0
6615,0,0,6,1,0,0.5921787709,0,0,6616,0
5558,0,0,2,1,0,0.0,1,0,5559,0
7168,0,0,1,1,0,0.0,0,0,7169,0
7274,0,0,2,1,0,0.0064377682,0,0,7275,0
7521,0,0,3,1,0,0.0,0,0,7522,0
7515,0,0,3,1,0,0.149122807,0,0,7516,0
7109,0,0,4,1,0,0.0,2,0,7110,0
6320,0,0,7,1,0,0.0,0,0,6321,0
6906,0,0,3,0,0,0.0701754386,0,0,6907,0
7395,0,0,0,0,0,0.0,9,0,7396,1
5824,0,0,4,1,0,0.0222222222,0,0,5825,0
5543,6,0,2,1,0,0.0,0,0,5544,0
5741,0,0,1,1,0,0.0,6,0,5742,0
7543,0,0,3,1,1,0.0277777778,0,0,7544,0
7493,3,0,2,1,1,0.0,3,0,7494,0
5800,5,0,4,1,0,0.0157480315,0,0,5801,0
5623,0,0,1,1,0,0.0,2,0,5624,0
6900,0,0,0,1,0,0.0,2,0,6901,0
7007,0,0,3,0,0,0.0,1,0,7008,0
7401,0,0,5,1,1,0.0,0,0,7402,0
5922,1,0,2,1,0,0.0056603774,0,0,5923,0
6927,6,0,2,1,0,0.0,5,0,6928,0
6358,0,0,5,1,0,0.0260869565,0,0,6359,0
7876,0,0,4,0,0,0.0,1,0,7877,0
5344,0,0,6,1,0,0.0,0,0,5345,0
6518,0,0,2,1,0,0.0814814815,0,0,6519,0
6674,0,0,5,1,0,0.0508474576,0,0,6675,0
5765,0,0,2,1,0,0.0080645161,0,0,5766,0
5784,0,0,4,1,0,0.0,1,0,5785,0
7441,0,0,2,1,0,0.0,0,0,7442,0
7335,0,0,3,1,0,0.0,2,0,7336,0
5529,5,0,5,0,0,0.009478673,0,0,5530,0
7111,0,0,3,1,0,0.0157480315,0,0,7112,0
7061,0,0,5,1,0,0.0113636364,0,0,7062,0
7038,1,0,2,1,0,0.0,1,0,7039,0
7673,1,0,0,1,0,0.0,4,0,7674,0
5394,0,0,4,1,0,0.0,0,0,5395,0
6015,0,0,2,1,1,0.130952381,0,0,6016,0
6621,0,0,5,1,0,0.0,0,0,6622,0
5424,0,0,1,1,0,0.0,3,0,5425,0
7884,12,0,10,1,1,0.0588235294,0,0,7885,0
7044,4,0,1,1,0,0.0,2,0,7045,0
7422,0,0,2,1,1,0.0842696629,0,0,7423,0
7184,0,0,5,0,0,0.0,0,0,7185,1
7509,0,0,5,1,1,0.0,0,0,7510,0
5936,2,0,5,1,0,0.0,3,0,5937,0
6935,2,0,3,1,0,0.0,0,0,6936,0
5608,0,0,4,1,0,0.0,0,0,5609,0
6630,0,0,4,0,0,0.0,0,0,6631,0
5959,0,0,5,1,0,0.025,0,0,5960,0
6301,2,0,1,1,0,0.0,7,0,6302,0
5774,0,0,3,1,1,0.0176322418,0,0,5775,0
7094,0,0,3,0,0,0.0,0,0,7095,0
6582,0,0,5,1,0,0.004784689,0,0,6583,0
7225,0,0,8,0,0,0.0,0,0,7226,0
7763,0,0,5,1,0,0.0208333333,0,0,7764,0
7627,8,0,4,1,0,0.0,0,0,7628,0
6611,0,0,1,1,0,0.0,1,0,6612,0
5893,0,0,2,1,0,0.0,5,0,5894,0
7238,0,0,3,1,0,0.0481283422,0,0,7239,0
6524,0,0,4,0,0,0.0,2,0,6525,0
5721,0,0,2,0,0,0.0,0,0,5722,0
7251,1,0,2,1,0,0.0,1,0,7252,0
6711,1,0,3,1,0,0.0,7,0,6712,0
6735,3,0,2,1,0,0.0,6,0,6736,0
6783,2,0,4,1,0,0.0039525692,0,0,6784,0
7541,0,0,5,1,0,0.0147058824,0,0,7542,0
5916,0,0,2,1,0,0.0218068536,0,0,5917,0
6872,1,0,1,1,0,0.0,6,0,6873,1
6659,3,0,2,1,0,0.0,4,0,6660,0
7604,0,0,2,1,0,0.0787401575,0,0,7605,0
7811,1,0,1,0,0,0.0,2,0,7812,0
5396,2,0,0,1,0,0.0,2,0,5397,0
6903,0,0,7,0,0,0.0238095238,0,0,6904,0
5443,0,0,6,0,0,0.0,0,0,5444,0
7171,1,0,4,1,0,0.1111111111,0,0,7172,0
6709,0,0,1,1,0,0.0,3,0,6710,0
5440,0,0,2,0,0,0.0,4,0,5441,0
6593,0,0,0,1,1,0.0,2,0,6594,0
6404,0,0,2,1,0,0.0,3,0,6405,0
7261,1,0,6,1,0,0.0,1,0,7262,0
7565,0,0,4,1,0,0.0921658986,0,0,7566,0
6744,1,0,2,1,0,0.0,3,0,6745,0
5760,0,0,2,1,1,0.0,0,0,5761,1
7463,0,0,3,0,0,0.0511182109,0,0,7464,0
6858,0,0,2,1,0,0.025974026,0,0,6859,0
7922,0,0,2,1,0,0.0,2,0,7923,0
7301,1,0,1,0,0,0.0,0,0,7302,0
7503,0,0,3,1,0,0.0100502513,0,0,7504,0
7040,0,0,3,1,0,0.037037037,0,0,7041,0
6248,0,0,6,1,0,0.0501644737,0,0,6249,0
7385,0,0,7,1,0,0.0,0,0,7386,0
5888,0,0,5,1,0,0.0064935065,0,0,5889,0
6322,0,0,8,0,0,0.0408163265,0,0,6323,0
6136,0,0,1,1,0,0.0,0,0,6137,0
5488,0,0,1,1,0,0.0078740157,0,0,5489,0
6778,2,0,5,1,1,0.0,3,0,6779,0
7699,0,0,5,1,0,0.0147058824,0,0,7700,0
6861,0,0,4,0,0,0.0,0,0,6862,1
7070,0,0,2,0,0,0.0,5,0,7071,0
7535,3,0,4,1,1,0.0226244344,0,0,7536,0
5783,2,0,5,1,0,0.0,3,0,5784,0
6246,3,0,2,1,0,0.0,2,0,6247,0
7734,0,0,3,1,0,0.0166666667,0,0,7735,0
7317,0,0,2,1,0,0.1297709924,0,0,7318,0
6770,0,0,4,1,0,0.0078125,0,0,6771,0
5663,0,0,7,1,0,0.1323529412,0,0,5664,0
6591,0,0,2,1,0,0.0226244344,0,0,6592,0
7139,0,0,4,1,0,0.0604026846,0,0,7140,0
6987,0,0,2,1,0,0.0,0,0,6988,0
7951,0,0,2,1,0,0.0431034483,0,0,7952,0
7203,0,0,3,1,0,0.0,2,0,7204,0
7736,0,0,5,1,0,0.0,0,0,7737,0
6514,0,0,6,1,0,0.0,0,0,6515,0
5447,0,0,2,0,0,0.0,1,0,5448,0
6945,0,0,5,1,0,0.0136986301,0,0,6946,0
7449,0,0,3,1,0,0.0614035088,0,0,7450,0
5915,0,0,5,1,0,0.0279329609,0,0,5916,0
5939,0,0,3,1,0,0.0,0,0,5940,0
7888,0,0,5,1,0,0.0147058824,0,0,7889,0
6290,0,0,2,1,0,0.0,2,0,6291,0
7008,0,0,1,1,0,0.0,1,0,7009,0
7549,0,0,4,0,0,0.0662983425,0,0,7550,0
7594,1,0,0,1,1,0.0,3,0,7595,0
6655,0,0,1,1,0,0.0,2,0,6656,0
5934,0,0,5,1,1,0.0,0,0,5935,0
5910,0,0,6,0,0,0.0,0,0,5911,0
7595,2,0,5,1,0,0.0,3,0,7596,0
6218,3,0,1,1,0,0.0,1,0,6219,0
5452,0,0,2,0,0,0.0067114094,0,0,5453,0
7034,0,0,5,0,0,0.000984252,0,0,7035,0
7376,0,0,6,0,0,0.0080645161,0,0,7377,0
7666,0,0,2,1,0,0.0,0,0,7667,0
6119,0,0,3,1,0,0.0,1,0,6120,0
7084,0,0,5,1,0,0.0743801653,0,0,7085,0
7381,2,0,2,1,0,0.0,7,0,7382,0
7842,0,0,4,1,0,0.0598290598,0,0,7843,0
5956,0,0,1,0,0,0.0,2,0,5957,0
7906,0,0,5,0,0,0.037037037,0,0,7907,0
6303,0,0,3,1,0,0.0,0,0,6304,0
6286,0,0,2,1,0,0.2222222222,0,0,6287,0
7893,0,0,1,1,1,0.0333333333,0,0,7894,0
5809,2,0,5,1,0,0.0,3,0,5810,0
6059,3,0,2,1,0,0.0,1,0,6060,0
6516,0,0,2,1,0,0.0839160839,0,0,6517,0
5716,0,0,2,0,0,0.0,0,0,5717,1
5786,0,0,5,1,0,0.0,0,0,5787,0
7093,0,0,4,1,0,0.012195122,0,0,7094,0
7988,0,0,0,0,0,0.0,2,0,7989,0
5346,0,0,6,1,0,0.0,1,0,5347,0
6692,0,0,3,1,0,0.0,1,0,6693,0
6143,1,0,2,0,0,0.0,0,0,6144,0
6344,0,0,2,1,0,0.0,3,0,6345,0
6802,3,0,9,0,0,0.027027027,0,0,6803,0
5653,0,0,4,1,0,0.1,0,0,5654,0
6241,0,0,2,0,0,0.0,0,0,6242,0
6298,0,0,2,0,0,0.0173410405,0,0,6299,0
7292,5,0,0,0,0,0.2,5,0,7293,0
7743,0,0,7,1,0,0.0,0,0,7744,0
5966,0,0,2,1,0,0.0,3,0,5967,0
7113,0,0,1,0,0,0.0,1,0,7114,0
7467,0,0,3,1,0,0.0101010101,0,0,7468,0
7808,0,0,1,1,0,0.0112359551,0,0,7809,0
5937,2,0,4,0,0,0.0,6,0,5938,0
7042,0,0,5,1,0,0.0347826087,0,0,7043,0
5790,1,1,2,1,1,0.0,1,0,5791,0
6639,0,0,2,1,0,0.0,1,0,6640,0
5345,0,0,5,1,0,0.0641025641,0,0,5346,0
6469,0,0,2,1,0,0.2142857143,0,0,6470,0
6672,0,0,2,1,0,0.0,1,0,6673,0
5527,0,0,2,1,0,0.0,0,0,5528,0
5963,0,0,2,0,0,0.0,0,0,5964,0
7773,0,0,2,0,0,0.0,3,0,7774,0
7527,0,0,4,1,0,0.04,0,0,7528,0
5708,3,0,3,1,1,0.0043859649,0,0,5709,0
7275,0,0,5,1,0,0.0877192982,0,0,7276,0
7853,0,0,1,0,0,0.0,0,0,7854,0
6741,1,0,4,1,1,0.0591715976,0,0,6742,0
5364,11,0,5,1,0,0.0775193798,0,0,5365,0
7817,0,0,3,1,0,0.0,0,0,7818,0
7912,0,0,5,1,1,0.0277777778,0,0,7913,0
7855,0,0,3,1,1,0.0,0,0,7856,0
6990,1,0,3,1,0,0.0,0,0,6991,0
7976,1,0,2,1,0,0.0,4,0,7977,0
7930,0,0,5,1,0,0.0901639344,0,0,7931,0
6318,0,0,1,1,0,0.0,0,0,6319,0
6376,0,0,2,1,1,0.0527950311,0,0,6377,0
6772,0,0,3,1,0,0.0267857143,0,0,6773,0
5518,10,0,1,1,0,0.0404040404,0,0,5519,0
6023,0,0,5,0,0,0.0,0,0,6024,0
5392,2,0,2,1,0,0.0,3,0,5393,0
6913,0,0,1,1,0,0.0,1,0,6914,0
7023,0,0,5,1,0,0.0537634409,0,0,7024,0
5586,0,0,10,0,0,0.0833333333,0,0,5587,0
6026,3,0,2,1,0,0.0,2,0,6027,0
7870,0,0,3,1,0,0.0529100529,0,0,7871,0
5920,0,0,4,1,0,0.0165289256,0,0,5921,0
6613,0,0,3,0,0,0.0,0,0,6614,1
5926,0,0,3,0,0,0.0,0,0,5927,0
7169,0,0,4,0,0,0.020661157,0,0,7170,0
6985,0,0,3,0,0,0.0457142857,0,0,6986,0
5896,0,0,1,1,0,0.0,3,0,5897,0
6261,0,0,3,1,1,0.0524590164,0,0,6262,0
6121,0,0,1,1,0,0.0,0,0,6122,0
5835,0,0,3,1,0,0.0,0,0,5836,0
7256,0,0,0,1,0,0.0,4,0,7257,0
5769,0,0,5,0,0,0.0810810811,0,0,5770,0
7382,0,0,2,0,0,0.0657894737,0,0,7383,0
6422,0,0,3,1,0,0.0,0,0,6423,0
6824,0,0,1,1,0,0.0510204082,0,0,6825,0
5979,2,0,1,1,0,0.0,7,0,5980,0
6598,0,0,5,0,0,0.0,1,0,6599,0
6564,0,0,2,1,0,0.1008403361,0,0,6565,0
7674,0,0,5,0,0,0.0,0,0,7675,0
6346,0,0,2,0,0,0.0470588235,0,0,6347,0
7046,5,0,6,1,1,0.0086206897,1,0,7047,0
6251,0,0,7,1,1,0.0037735849,0,0,6252,0
6797,0,0,5,1,0,0.0617283951,0,0,6798,0
7974,0,0,1,1,1,0.03,0,0,7975,0
6044,0,0,3,1,0,0.0046948357,1,0,6045,0
6488,0,0,3,0,0,0.0,2,0,6489,0
5368,0,0,4,1,0,0.025,0,0,5369,0
7365,0,0,5,1,0,0.0166666667,0,0,7366,0
7789,0,0,5,1,0,0.015625,0,0,7790,0
6910,0,0,5,0,0,0.0,0,0,6911,0
5614,1,0,1,0,0,0.0,7,0,5615,0
6151,0,0,2,1,0,0.0877192982,0,0,6152,0
6727,0,0,2,1,0,0.0,2,0,6728,0
6543,0,0,1,1,0,0.0472440945,0,0,6544,0
7793,0,0,0,1,0,0.0,1,0,7794,0
6146,1,0,0,0,0,0.0,0,0,6147,0
5337,0,0,0,1,0,0.0453333333,0,0,5338,0
6214,0,0,7,0,0,0.0909090909,0,0,6215,0
6535,2,0,3,0,0,0.0,0,0,6536,0
6638,0,0,4,1,0,0.0792079208,0,0,6639,0
5878,0,0,2,1,0,0.0135135135,0,0,5879,0
5999,9,0,1,1,0,0.0,5,0,6000,0
6125,0,0,2,0,0,0.0063291139,0,0,6126,0
6474,0,0,2,0,0,0.0,2,0,6475,0
7147,0,0,2,1,0,0.0833333333,0,0,7148,0
6375,0,0,6,0,0,0.0806451613,0,0,6376,0
5847,0,0,3,1,0,0.0425531915,0,0,5848,0
5619,0,0,3,1,0,0.0,0,0,5620,1
5362,0,0,7,1,0,0.0471092077,0,0,5363,0
7194,0,0,3,1,0,0.0810810811,0,0,7195,0
5823,0,0,3,1,0,0.024,0,0,5824,0
5348,1,0,7,1,0,0.0,0,0,5349,0
7999,0,0,5,1,0,0.0515463918,0,0,8000,0
7559,0,0,2,0,0,0.0238095238,0,0,7560,0
7178,5,0,2,1,1,0.0,3,0,7179,0
7657,0,0,3,1,0,0.0227272727,0,0,7658,0
7134,0,0,2,0,0,0.0344827586,0,0,7135,0
6813,0,0,2,1,0,0.0144927536,0,0,6814,1
6885,0,0,5,1,0,0.0067114094,0,0,6886,0
7468,0,0,4,1,0,0.0,0,0,7469,0
6603,0,0,2,1,0,0.0753424658,0,0,6604,0
6515,2,0,4,0,0,0.0,7,0,6516,0
6305,0,0,3,0,0,0.0,4,0,6306,0
6221,0,0,2,1,0,0.0089552239,0,0,6222,0
6470,0,0,0,0,0,0.0,1,0,6471,0
6096,0,0,4,0,0,0.0164835165,0,0,6097,0
5552,0,0,4,1,0,0.0,2,0,5553,0
7389,0,0,3,1,0,0.0,1,0,7390,0
6177,0,0,3,1,0,0.0,1,0,6178,1
5944,1,0,5,0,0,0.0,1,0,5945,0
5843,0,0,2,0,0,0.0,7,0,5844,0
7846,4,0,1,1,0,0.0,3,0,7847,0
7482,0,0,6,0,0,0.0,1,0,7483,0
6556,0,0,3,1,1,0.0229007634,0,0,6557,0
7222,0,0,6,0,0,0.0,0,0,7223,0
7016,4,0,1,0,0,0.0,7,0,7017,0
